38 0.709711 -0.816841 0.778567 -0.498494 -1.836307 -1.480657 2.187734 -0.814442 3.230178 -0.693247
36 1.806161 -0.244684 1.493208 0.032278 -2.518205 -1.509678 1.727997 -0.031799 2.157487 -0.853021
67 -2.095823 -0.996412 3.739479 -0.824313 0.777412 -0.289910 0.466751 0.526935 0.202425 0.204195
69 -2.232413 -0.626312 3.601396 -0.252050 1.095335 -0.896651 0.419416 0.184536 0.187828 0.441959
33 1.239367 -0.642230 0.636349 -0.371101 -0.524215 -1.361585 3.410616 -0.942940 2.817240 -0.806208
62 -2.320616 -2.735062 2.728873 -0.974165 0.132193 -0.272909 0.298198 0.464996 -0.439495 -0.235327
43 0.133388 -1.648397 0.900079 -0.220404 -2.499695 -1.373131 0.757528 -0.535169 3.012218 -0.906536
40 -0.100433 -1.401752 -0.507692 -0.689431 -0.962091 -2.132097 1.910561 -0.575079 3.233728 -0.985575
64 -2.468345 -2.026059 2.997791 -0.211872 0.695178 -0.652433 0.388473 0.734690 -0.043532 -0.027995
72 -1.612859 0.427763 3.684070 -0.908183 0.550029 -0.778768 -0.223225 0.127314 0.131573 0.666151
74 -1.964821 0.695477 3.313081 -0.830351 0.741264 -1.429062 -0.306672 -0.778324 0.077059 0.945765
60 -1.597114 -2.805490 2.626157 -0.983990 -0.789898 -0.119814 -0.515396 0.773747 -0.321935 -0.430960
45 -0.833053 -1.960976 0.095581 -0.074780 -1.632169 -1.556133 0.772181 -0.662451 3.644242 -0.974402
31 1.907602 -0.409672 1.369482 -0.322374 -1.206372 -1.174376 3.070328 -0.775992 1.906023 -0.835386
71 -2.272650 -0.045470 3.287868 -0.365669 1.390638 -1.539569 0.118754 0.104655 0.302853 0.584450
65 -1.834934 -1.360008 3.468369 -0.862188 0.589568 -0.353179 0.009180 1.287462 0.291031 0.177314
48 -0.097042 -1.940107 1.212608 -0.574312 -3.128844 -0.790015 -0.747086 0.260567 2.262824 -0.856602
41 1.317819 -0.675140 1.229453 0.038080 -3.077147 -1.997063 0.243636 0.338996 2.190169 -0.997566
50 -1.360868 -3.058049 0.590947 -0.117047 -1.724920 -0.832440 -0.176625 -0.517682 2.715382 -0.629839
35 0.616416 -0.553440 -0.288048 -0.955973 -0.295382 -2.201424 3.418371 -0.552749 2.831884 -1.060107
57 -2.274314 -3.499709 1.493792 -0.211491 -0.448939 -0.649014 -0.332942 0.213418 0.931380 -0.295298
55 -1.532547 -3.458720 1.638840 -0.083267 -1.453160 -0.454346 -0.891549 -0.078571 1.056088 -0.494855
76 -2.029633 0.955364 2.971226 -0.188244 0.702246 -2.226990 -0.490605 -1.180440 0.142722 1.204352
66 -2.477604 -1.500529 2.862595 -0.350081 1.555268 -1.545149 0.235306 1.148272 0.109946 0.157466
34 2.554845 0.100257 1.024145 -1.288067 -1.917678 -2.044486 1.815499 1.018738 1.178119 -1.137982
59 -2.427113 -3.345690 1.465071 -0.562667 0.313490 -0.732907 -0.292261 0.469093 0.134068 -0.547445
70 -1.639956 0.217144 3.358216 -1.677035 0.968971 -0.928174 -0.374370 1.218708 0.220924 0.355504
52 -1.842187 -3.581890 0.284965 0.134363 -0.943974 -1.295508 -0.442137 -0.412163 2.104246 -0.615692
39 1.477912 -0.611954 0.123270 -2.388883 -2.039798 -2.542617 1.258789 1.157985 1.439341 -1.107007
28 1.296332 -0.493635 0.179510 -0.616082 0.314814 -1.800525 3.815251 -0.904329 1.607279 -1.196591
42 -0.239636 -1.489647 -1.095506 -0.987164 -0.590945 -2.976792 1.367165 0.597727 2.674916 -1.080669
29 2.654296 0.062445 1.553354 -0.437207 -1.662903 -1.587722 2.705375 -0.093485 0.858730 -1.079538
47 -1.073722 -2.384522 -0.585177 -0.460468 -1.280640 -2.186458 0.300007 -0.206552 2.598092 -1.125973
53 -0.822877 -2.704608 1.551085 -0.180743 -2.355852 -1.124618 -1.442838 0.922221 1.161268 -0.579076
63 -1.628877 -1.957917 2.780928 -1.369056 0.784588 -0.678618 -0.574087 1.697626 0.291970 -0.243935
46 0.814892 -1.816059 0.794776 -0.890262 -2.730196 -2.245292 -0.766212 1.014615 1.575277 -0.937246
79 -1.504296 0.982634 2.540265 -1.662028 0.306272 -1.276306 -0.683607 -1.796828 -0.040353 1.690788
37 0.815648 -0.617784 -0.840206 -1.676321 -0.594122 -3.470540 2.207560 1.046486 1.784144 -1.071945
68 -1.931281 -0.365805 3.030693 -0.884444 1.534042 -1.519027 -0.383343 1.807471 0.422196 0.279235
58 -1.271912 -2.892927 1.899494 -1.669015 -0.643986 -0.678106 -1.184951 1.579611 0.211194 -0.543287
77 -1.216234 1.295656 2.872797 -1.506681 0.621162 -1.465182 -1.137555 -0.701853 0.565700 1.400265
73 -1.826985 0.725850 2.647433 -0.490651 2.075694 -2.567279 -0.946343 0.686259 0.647093 0.882215
61 -2.125555 -2.790377 1.730638 -0.730117 1.153205 -1.134634 -0.579821 1.476409 0.395413 -0.389219
32 1.975079 -0.131462 -0.119606 -2.117864 -1.255527 -2.744499 2.625788 1.123817 0.134519 -1.112847
44 0.360616 -1.491231 -0.592742 -2.024652 -1.923749 -2.940490 -0.176356 1.475311 1.473016 -1.211157
81 -1.893000 0.947185 1.892816 -0.892564 -0.182146 -2.096290 -0.642884 -2.425778 -0.363504 2.250854
30 1.338952 -0.544665 -0.461325 -1.600896 0.590688 -2.342066 3.823666 0.044682 1.386144 -1.280153
54 -2.206975 -3.507468 -0.128161 -0.271183 -0.089972 -1.870822 -0.735699 0.479987 1.410137 -0.766698
51 -0.410984 -2.377308 0.343489 -1.399448 -1.835235 -1.956055 -1.570505 1.716970 1.400578 -0.545515
75 -1.315640 1.251439 2.811819 -1.539942 1.520677 -1.835040 -1.331069 0.313345 0.969773 0.883488
78 -1.804066 1.052686 2.042255 -0.649218 1.280319 -2.852326 -1.219442 -1.328190 0.358187 1.379207
56 -1.124233 -3.203141 0.530967 -1.569668 -0.445677 -1.679971 -1.692664 1.714586 0.116271 -0.690835
49 -0.912405 -2.412463 -0.795369 -0.621757 -1.187231 -3.002181 -0.696743 1.335851 1.654120 -0.830581
26 2.380447 -0.642142 1.019031 -0.037692 -0.014854 -1.017708 3.421834 -1.236603 0.767043 -1.301320
84 -1.101238 0.814796 1.199465 -2.193137 -0.857207 -0.690759 -0.964954 -2.218496 -0.525874 2.587990
83 -1.792334 0.668883 0.838111 -0.999742 0.145213 -2.073436 -0.963834 -2.699890 -0.514301 2.312142
80 -0.738654 1.058415 1.674228 -1.042926 1.431163 -2.583756 -1.856262 -0.837824 0.732690 2.257851
TRACK_START -0.657708 -0.528146 1.033445 -0.568482 -0.217540 -0.616705 0.289517 -0.110350 0.628288 0.004606
27 2.980430 -0.170067 0.646415 -0.999083 -0.551346 -2.064071 2.991144 0.657326 -0.781163 -1.195386
86 -1.043898 0.007190 0.589155 -2.194371 0.012864 -0.566751 -0.614289 -2.500744 -0.406318 3.139473
82 -0.441847 0.930226 1.431567 -2.298672 0.723766 -1.114629 -1.614329 -1.316555 0.438276 2.286717
24 3.226617 -0.926660 1.768469 0.351895 -0.904772 -1.055520 2.244566 -1.146527 -0.801872 -1.172370
85 -0.286297 0.369299 0.294170 -0.950026 1.273384 -2.161673 -1.717880 -1.613414 0.123737 3.060593
88 -0.796938 0.057371 0.211754 -0.696337 -0.120102 -1.021672 -0.599885 -2.004733 -0.665318 3.437828
89 -0.345152 0.275232 -0.154799 -2.553527 -0.016966 0.294156 -0.578003 -0.859745 -0.124060 3.658392
91 -0.492755 -0.157604 0.110948 -1.450896 -0.569388 0.731749 -0.139153 -1.378315 0.019796 3.871054
25 1.673832 -0.039467 -1.012708 -0.362946 0.371051 -2.724109 3.409433 0.476433 -1.311807 -1.734260
87 0.273475 0.343920 0.147052 -2.217442 1.102736 -0.414188 -1.847723 -0.960958 0.481670 2.978757
96 0.407026 -0.200916 0.371591 -0.348336 -1.280057 1.322804 0.050734 -0.012901 -0.537415 4.006029
23 2.384728 -0.930242 -0.419946 -0.752775 1.942108 -1.173285 2.718684 -1.666776 -0.149935 -2.549009
93 -0.635460 -0.724361 -0.326592 -0.283810 -0.553150 -0.089774 0.668491 -0.829441 -0.593445 4.763034
90 -0.050843 -0.277598 -0.479015 -0.115134 0.641121 -0.777791 -1.153061 -1.026499 -0.062653 3.914384
1 -3.428304 2.876125 -1.557545 -0.300651 -1.296131 1.953472 0.277733 0.472701 -0.670686 -3.531079
95 -0.431323 -0.750620 -0.532151 0.128432 -0.376092 -0.189700 0.393014 -0.274765 -0.609644 4.740660
92 0.529489 0.061042 -0.769355 -0.862972 1.108760 -0.330675 -1.362975 0.089216 0.564824 4.103330
94 0.604039 -0.200836 -0.522898 -1.847044 0.707648 0.899725 -0.869049 0.412222 0.674396 4.087392
98 -0.579613 -0.534844 -0.872126 0.069830 -0.710242 1.252716 0.788920 -0.179427 -0.394233 4.312350
21 2.824991 -1.134380 0.185131 0.681775 1.689049 -0.619130 2.381842 -1.836524 -0.384118 -1.685664
22 4.052362 -0.635719 0.725528 0.613075 -0.060637 -1.222238 1.387791 -0.179811 -1.605348 -1.723132
100 -0.989060 0.345276 -1.334971 1.698982 -0.590899 0.764206 0.732654 0.723986 -0.564668 3.846083
99 0.976436 -0.209066 -1.054337 -0.691303 0.830485 2.408169 -0.521766 0.444141 0.646914 3.855034
97 1.075918 -0.334968 -0.989238 1.152843 0.927963 -0.349430 -0.699762 1.152040 0.117940 4.657060
103 -1.166332 0.911649 -1.117410 0.371136 -0.458535 2.384052 1.138906 0.706753 0.562760 3.087226
0 -1.893168 1.492403 -0.502894 -0.550462 -0.035802 2.575939 -0.102342 -0.827981 -0.824196 -3.727858
101 -0.795956 0.988589 -1.291564 -0.323274 -0.366565 2.525191 0.239514 0.904100 0.385808 3.327787
20 2.595630 -1.169192 -1.355105 -1.135680 0.383688 -1.064947 0.914902 0.078994 -3.356781 -2.039006
108 -0.836658 1.754782 -0.634238 1.559841 -1.832862 2.951923 -0.212832 1.055801 -0.269090 1.676694
105 -1.405248 1.173044 -1.297632 2.032495 -1.222447 1.374826 0.995125 1.073279 -0.219196 3.364084
104 0.192912 1.355662 -1.892548 1.609376 1.153366 2.283250 -0.796366 0.917658 0.918495 2.535259
112 -1.969073 2.319565 -1.490452 3.104865 -1.005753 0.726441 0.283543 2.280873 -0.385649 0.587188
19 3.167999 -0.828566 1.125122 1.801044 1.135321 0.047312 1.027855 -2.036801 -0.651470 -2.003075
102 -0.374398 0.333488 -1.878675 1.528443 0.594933 1.598973 0.479038 0.733870 -0.386597 3.000944
11 1.172515 0.392608 -0.744771 -1.375301 2.874652 3.287102 -1.002612 -0.934192 0.965945 -2.781217
12 2.170637 -0.593096 0.322964 2.643108 1.496295 0.827428 -1.280110 -0.512824 0.060714 -1.696401
127 1.506469 -0.040126 -0.188303 0.702210 1.660694 2.212734 -3.922697 -0.655794 -0.073707 -2.808468
2 -1.581500 1.755063 -0.924734 0.818094 0.527758 1.656975 -0.251429 -1.232266 -0.848478 -3.506717
17 3.109462 0.187907 0.188265 1.985472 0.133589 0.133497 0.209587 -0.960507 -1.601860 -2.374277
107 -1.117318 1.539200 -1.569019 2.168486 -0.898179 1.426155 0.321483 1.153084 -0.201849 1.999281
117 -2.393124 1.915374 -2.381456 1.825287 -0.504097 1.723646 1.246707 -0.033743 -1.578269 -1.253851
106 0.010501 1.043394 -1.825305 0.885508 -0.050032 2.687210 -1.001425 1.325382 0.538344 1.908234
14 2.594415 -0.403000 -0.480034 2.393189 1.686723 1.519398 0.083947 -0.826373 -0.471827 -1.576299
110 -1.878634 1.462751 -2.335117 0.872605 -0.905390 2.029245 0.756160 2.344459 -0.889663 1.045202
109 -1.172870 1.685786 -2.531070 0.832732 -1.052615 2.069067 -0.163768 1.461058 -0.032100 1.662980
16 2.416199 -1.681102 -0.816316 1.735036 2.519441 0.491422 1.001266 -1.581368 -0.175275 -1.768326
15 3.560173 0.017164 -0.632507 1.438715 1.628778 2.001820 0.903936 0.990087 -1.355822 0.933328
18 1.806309 -0.641762 -1.891101 1.004419 2.082220 -0.778707 1.544224 -1.218727 -1.912017 -2.091470
111 -1.669671 1.736679 -2.109927 0.976988 -0.407426 2.658794 -0.689874 2.548749 0.422723 0.184797
10 2.611246 1.345217 -0.394719 -2.192373 2.052164 3.715038 -0.515647 0.726906 0.866783 -1.944128
115 -2.334207 1.947279 -2.229863 2.135896 -0.466146 2.246874 0.098928 1.040661 -0.527338 -0.958361
113 -1.668250 1.993883 -2.374652 0.497598 -0.406956 1.521565 0.236198 2.448686 -1.935590 0.283932
9 1.319076 0.778309 0.268417 -0.877713 2.187947 2.364948 -1.933944 -1.487758 0.581998 -2.742536
116 -1.495298 2.975119 -2.626098 0.493669 0.610693 1.822832 -1.003466 1.462860 -0.694720 0.205339
7 1.006799 1.605951 -0.176282 0.989220 2.096353 1.923757 -1.934412 -1.545960 0.943031 -3.562885
119 -2.134375 2.257457 -2.530352 -0.139101 -0.914300 0.359602 -0.056681 -1.808555 -2.371600 -2.040366
13 2.378942 -0.064358 -1.497431 2.264573 2.853107 -0.145340 -0.701601 1.963314 -0.433653 -0.825369
114 -1.037159 2.630409 -2.374066 2.037196 0.115350 1.562031 -0.236197 2.040112 -0.972422 0.239487
120 -0.059210 2.273377 0.254906 0.382683 -3.230453 2.496107 -1.199328 0.030044 -2.583093 -1.525946
5 1.080054 1.265757 0.326450 0.361854 1.529770 0.900592 -1.461835 -0.593248 0.036623 -4.798301
3 -0.336427 1.467405 -2.235647 0.505890 -0.101615 1.997510 -1.077856 1.403531 -1.897284 -2.101907
124 0.446278 1.202176 -0.219305 3.295692 0.506539 -0.015991 -0.784417 0.072566 -3.950241 -0.521902
4 0.087601 0.886182 -0.055960 0.062041 0.719293 1.772318 -0.993352 -1.545593 -0.841270 -4.464806
118 -1.370867 2.198447 -2.231440 0.792859 -0.217893 1.702727 -0.102357 0.363321 -1.910729 -1.241307
126 1.711922 0.552156 -2.022326 2.902891 1.496873 0.652648 -2.362551 -1.360415 0.090540 1.500575
123 -0.254157 1.358390 -1.658173 2.300540 -0.568875 -0.871725 -3.196153 -0.356213 -3.011289 -1.056706
122 0.115455 0.108757 -1.780640 1.663551 -0.966145 0.933947 -1.265406 -0.966946 -3.951321 -0.802666
8 1.513589 0.967853 -1.348117 -1.323382 1.725632 0.749689 -2.431164 1.082261 -1.579996 -3.466277
121 0.263816 1.922967 -1.371926 0.684713 -0.587381 0.947102 -2.126372 -0.177140 -4.517240 -1.109109
6 1.697635 2.696055 -0.118874 -0.145166 0.876337 0.123637 -2.140463 0.762191 -0.804568 -4.340800
125 -0.433877 0.159604 -1.998410 3.383411 1.373400 1.183084 -2.203075 -1.076475 -1.978656 -1.240292
<unk> 0.046834 0.237837 -0.298437 0.036630 0.180127 0.060309 -0.183343 0.003455 -0.250362 0.122410
