38 0.126234 -0.755145 -0.062205 -0.056879 -2.196522 -0.640172 0.066341 -0.794012 1.760041 -0.755109 -0.861530 0.131693 0.313977 -0.492460 1.050815 1.137669 0.349956 0.452085 -1.402613 -0.304387 2.675830 0.633195 -0.324230 -1.178450 -0.926712
36 0.708521 -0.626368 -0.055018 0.590271 -2.079204 -0.232200 0.748206 0.233611 1.957040 -1.815980 -0.903687 0.044085 -0.190132 -1.090016 1.002866 0.103502 0.508917 0.344099 -0.869210 -0.412916 2.656426 -0.729682 -0.052798 -0.260883 -0.016996
67 -0.308204 -0.477886 2.078426 -0.056511 0.749713 0.171209 -0.432238 0.129482 -0.444724 0.579581 -0.190592 1.301343 -1.585513 1.414605 -0.634680 -0.755628 1.223793 -0.045758 -0.859378 0.651192 1.562478 -0.520181 -0.932997 -1.445624 -0.516799
69 -0.732478 -0.115768 1.965976 0.334043 1.106692 0.160233 -0.156632 -0.073932 -0.385925 0.988418 -0.696381 0.921992 -1.167165 1.268501 -0.090788 -1.138234 1.437445 0.172055 -0.310340 0.885121 1.837861 -0.175462 -0.430383 -1.722952 -0.055288
33 1.275515 -0.719136 -0.480514 0.165413 -1.350695 -0.767574 0.725576 -0.673579 2.164050 0.292011 -0.905706 -0.397589 -0.597200 -0.334482 2.207917 1.847396 0.126454 0.272979 -1.888897 -0.355711 1.699172 -0.086891 -0.281656 -1.302878 -0.285019
62 -0.684282 -1.577382 2.310880 -0.066141 -0.116459 -0.120258 -0.448341 0.698760 -0.522845 0.449901 0.182310 0.629427 -1.015772 1.303844 -1.241095 0.246812 1.671756 -0.714943 -0.270120 1.468129 1.006954 0.110590 -0.584648 -1.505125 -0.741202
43 -0.740169 -0.410863 0.626288 -0.314341 -1.935865 -0.699768 -0.106713 -0.671968 2.012576 -1.398147 -0.057105 -0.294997 0.490157 0.030918 0.667281 0.971135 1.332063 0.441001 -0.051948 -0.235180 2.833079 -0.258019 -0.010717 -0.343937 -1.438016
40 -0.482382 -0.949981 -0.275254 -0.315641 -1.633512 -1.584964 0.778667 -0.031581 1.707304 -0.384828 0.379206 -0.972536 -0.173900 -0.214370 1.489378 1.449020 1.067987 0.793814 -1.014536 -0.758267 1.975624 0.196222 0.888488 -1.747536 0.348861
64 -1.025169 -0.668925 1.901762 0.498816 0.311650 0.197859 -0.077149 0.809519 -0.215148 1.380934 0.327521 0.758230 -1.431422 1.180801 -1.135008 -0.046366 1.274770 -0.267985 -0.357708 1.195353 2.148754 -0.325594 0.159628 -1.361699 -0.162205
72 -0.626563 -0.389569 1.434094 -0.501506 0.719161 -0.289366 -0.185636 0.149266 -0.961671 0.330172 -0.703331 1.211583 -1.625433 0.888096 0.249297 -2.165612 1.390017 0.441114 -0.899973 0.059032 1.315419 -0.810399 -1.050847 -0.958320 0.419725
74 -0.754279 0.021923 1.706808 -0.558982 1.277755 -0.312361 -0.632675 -0.183913 -0.745346 0.653341 -1.394667 0.776533 -0.896327 1.120673 0.641225 -2.139031 1.755250 0.295416 -0.730808 0.156180 1.173914 0.349348 -0.410895 -1.039192 0.025685
60 -0.277224 -1.742915 1.974602 -0.259071 -0.721133 -0.136710 -0.465784 1.879310 0.023666 -0.010700 0.691101 0.466504 -1.035950 0.884831 -1.472082 -0.067817 1.676358 0.109987 -0.286753 0.957642 0.941253 -1.002692 -0.627163 -0.645680 -0.011535
45 -1.039314 -1.471841 0.276083 -1.095837 -1.591639 -0.579372 -0.408929 -0.590665 1.480492 -0.615407 0.097889 -1.281137 0.023317 -0.032568 0.693631 1.373105 0.562189 1.436065 -0.002744 -0.190937 2.704056 0.318981 0.246067 -1.382712 -0.276592
31 1.505701 -0.271022 0.635732 1.046589 -1.454604 -0.505790 0.772956 -1.308299 1.824858 -0.880668 -1.367282 -0.227439 0.051127 -0.770549 0.939224 1.302272 0.509557 -0.381285 -1.569462 -0.698655 1.860435 -0.421568 -0.157573 -0.407096 -0.858656
71 -1.139661 0.558067 1.513922 0.065777 1.600718 -0.151578 -0.096667 -0.134426 -0.486547 1.354537 -0.791642 0.275952 -1.032835 0.734018 -0.133862 -1.336052 1.514983 -0.172291 -0.332550 0.623121 2.345339 -0.525137 -0.368404 -1.590870 0.138102
65 -0.164770 -1.140656 1.967126 0.122609 0.369906 -0.271201 -1.016321 0.698074 -0.142013 0.173128 0.084059 1.072839 -1.609782 1.827732 -1.178611 -0.695105 0.356274 0.356097 -1.327287 0.680248 1.045574 -1.219963 -0.870905 -1.080533 -0.684695
48 -0.643121 -0.857632 0.569913 -0.695016 -1.385683 -0.087991 -0.188928 1.190865 1.209052 -2.047958 0.404070 -1.087302 -0.163373 0.351288 -0.315474 0.381031 1.911116 1.593915 0.269792 -0.263828 2.382326 -0.170971 -0.373732 0.259378 -0.598986
41 -0.147201 0.260442 -0.060615 -0.247530 -2.356262 -0.892151 0.073005 0.411258 1.379465 -2.009665 -1.253132 -0.793757 -0.346684 0.700415 0.612525 0.503890 0.179864 0.672976 -0.251562 0.714931 2.692734 -0.351015 0.403280 0.489395 -1.497233
50 -1.424574 -2.400713 0.917977 -1.317734 -0.390602 -0.133862 -0.096089 -0.359019 1.454744 -0.624538 0.303961 -0.412035 0.306188 0.466089 -0.285026 1.352860 1.370650 1.475946 0.425868 -0.133383 2.088553 0.192602 -0.036688 -0.210848 -1.083603
35 0.738514 -0.157907 0.135140 0.015256 -1.010795 -1.630935 0.477464 -1.639684 1.601738 -0.600841 0.148983 -0.863634 -0.009485 -0.730996 1.471364 1.543738 0.286064 0.635357 -2.490924 0.124040 1.554957 0.380348 0.767744 -1.752989 -0.178997
57 -1.439596 -2.002958 1.834858 -0.322083 -0.166042 -0.165328 -0.450188 0.483644 0.644908 0.707601 0.444080 -0.132117 -0.416415 1.008181 -1.427657 0.995239 0.939071 0.709388 0.497623 1.229561 1.581221 -0.111744 -0.054633 -0.466864 -0.706788
55 -0.862613 -1.504841 1.914830 -0.564916 -0.380545 -0.155565 -0.793535 0.850906 1.341471 0.132462 0.348824 -0.099597 0.178508 0.792784 -0.903955 1.033579 1.754128 1.075379 0.472572 0.954763 1.337335 -0.608341 -0.787736 0.320969 -1.125594
76 -1.123360 0.037595 1.581477 -0.505949 1.334698 -0.701444 -0.357628 0.459011 -0.448277 1.451718 -1.953333 0.015219 -0.764053 0.609828 1.168818 -2.343074 0.750683 0.258400 -0.301587 0.637355 1.660441 0.330137 -0.220705 -0.751537 0.518156
66 -1.089599 0.035922 1.531425 0.665433 1.324862 -0.273181 -0.646695 -0.031993 -0.045285 1.571756 -0.446608 0.544639 -0.588713 1.429633 -1.610063 -0.026884 0.907304 -0.323070 -0.825866 1.311088 2.142866 -0.655613 0.021659 -1.859155 -0.567542
34 1.794292 -0.426341 -0.735268 0.770378 -0.812222 -1.408237 1.317529 0.490066 1.434793 -2.582310 -1.965624 0.099303 0.188183 0.400603 0.370167 0.497268 0.122939 -0.020645 -1.010553 0.160425 1.786861 -0.002877 0.590639 -0.532430 -1.084836
59 -1.200383 -1.039870 1.535678 -0.040564 0.312295 -0.488987 -0.416555 0.984053 0.403958 1.185186 1.187106 -0.084593 -0.392227 0.775826 -1.474760 1.026084 1.657851 -0.777169 0.241344 1.350475 1.785083 -0.300637 0.109048 -1.020401 -0.428556
70 -0.218791 -0.299675 0.828887 -0.448862 1.040966 -0.885988 -0.861295 -0.050656 -1.050146 0.276389 -0.351439 1.352099 -1.019930 1.886795 -0.824321 -1.480699 0.951302 0.416310 -1.031465 -0.607202 1.441305 -1.719168 -0.692181 -1.463824 -0.074163
52 -2.383309 -2.089698 1.196976 -0.744390 -0.799265 -0.818190 0.312519 0.232671 0.878931 0.403514 0.943957 -1.497016 -0.446687 0.495398 -0.603131 1.456373 1.641921 0.941034 0.122149 0.661946 1.685245 0.169837 0.415196 0.046517 0.039101
39 0.413767 0.302564 -0.775146 -0.361866 -1.267882 -1.895489 1.187815 0.197672 1.514663 -2.420887 -1.121147 0.355323 0.763788 0.196255 -0.186266 0.284986 1.509670 0.225042 -1.310442 0.557684 1.374586 -0.073297 1.256161 -0.969516 -1.532583
28 1.697427 -0.986084 0.173941 1.035169 -1.099046 -1.282698 1.016127 -0.860142 0.972364 -0.016157 -0.662544 -0.825644 -0.746654 -0.602810 1.216048 1.782265 0.495671 0.058758 -2.001692 -0.943783 1.182761 -0.213195 1.362635 -0.945598 0.787399
42 -1.277962 -1.272803 -1.171175 -0.939789 -1.363315 -1.829347 0.419029 -1.030226 1.166397 -0.723619 -0.314866 0.175604 0.944206 0.290054 0.313424 1.133932 0.400988 1.292543 -1.190265 0.515344 1.719433 0.115070 1.788843 -1.926223 -0.369971
29 2.300932 -0.401717 0.371643 1.261186 -1.261255 -0.949091 1.290685 -0.318709 0.874169 -1.526839 -2.135488 -0.997292 -0.770590 -0.675572 0.530801 1.039922 -0.112942 -0.472812 -1.120342 -0.143188 1.842520 -0.569375 0.399306 0.011499 -0.875202
47 -1.433920 -0.846806 0.588248 -2.117304 -0.604305 -0.950662 0.335821 -0.650782 1.113669 -0.699854 1.169263 -1.762177 -0.184811 -0.198502 0.237034 1.386167 1.063111 0.316728 -0.440514 0.340788 2.359342 -0.247556 1.287183 -1.025749 -0.938799
53 -0.516306 -1.871812 1.370583 -1.163297 -0.227438 -0.232104 -1.064533 1.529330 0.863457 -1.133447 -0.404691 -1.474889 -0.378925 1.024180 -1.013624 0.751420 0.399235 1.378587 0.194467 0.754848 1.386862 -1.323666 -0.267100 0.731287 -1.702355
63 -0.678537 -0.927367 0.904407 -0.200518 0.248451 -0.795397 -0.907655 0.911946 0.002424 0.495440 0.152047 0.630254 -0.956493 1.505817 -2.111804 0.125158 0.546044 -0.618464 -1.600898 0.826538 1.090604 -1.742364 -1.147759 -1.113703 -0.535654
46 -0.206374 -1.354166 -0.360995 -1.024224 -0.945207 -1.354852 -0.045809 -0.003181 0.891206 -2.861689 -0.611810 -0.684443 0.879731 0.913370 -0.436278 0.082794 0.833042 0.677065 0.376234 0.965198 2.246235 -0.498349 -0.145481 -0.256547 -1.483897
79 -0.638558 -0.530900 1.367300 -1.523122 0.635243 -0.852647 -0.780580 -0.014947 -0.664926 1.278742 -1.742032 0.611053 -0.336690 0.676479 1.075391 -2.458089 1.407092 -0.510374 -0.932971 -0.498730 0.498496 0.433754 -0.612947 -0.045437 -0.476105
37 0.855389 -0.513895 -0.987852 -1.159914 -0.984979 -1.697894 0.648547 -0.053102 1.797924 -1.193759 -0.412335 -0.614470 -0.260888 -0.380182 0.792255 0.299925 0.005452 0.959891 -2.205244 1.493593 1.200032 -0.410070 2.241714 -1.924078 -0.325607
68 -0.915767 0.209334 0.733892 0.106358 1.112648 -0.661586 -0.666425 0.093360 -0.490989 0.888187 -0.222097 0.285342 -1.188466 1.227980 -1.619485 -0.926097 0.117110 -0.386142 -1.289734 0.585004 2.093126 -1.953591 -0.705442 -1.746866 -0.038492
58 -0.058001 -2.136352 1.203323 -0.459836 0.342359 -0.980060 -1.328984 1.618725 0.708693 -0.755170 0.321830 0.365784 0.529047 1.686758 -1.917138 0.286439 0.688720 0.332029 -0.494167 1.051844 0.675960 -1.334519 -0.882135 -0.751410 -1.097833
77 -0.340646 -0.803991 1.121037 -1.200997 0.966015 -0.997069 -0.873354 -0.387987 -1.011659 0.378958 -1.426237 0.103787 -1.151619 1.391325 0.319638 -2.722537 0.834181 0.651959 -1.160313 -1.005968 0.540982 -0.398829 -0.507435 0.001696 0.097512
73 -0.968599 0.343975 0.789392 0.409620 2.071683 -0.851546 -0.993158 -0.238761 0.416113 0.985039 -0.894050 -0.028486 -0.566290 1.273455 -0.643009 -2.474952 0.316028 0.066812 -0.470997 0.181550 2.023278 -1.323863 0.537772 -1.464296 0.760042
61 -1.257417 -1.283425 0.818562 -0.008411 0.436884 -0.954136 -0.380014 0.646602 0.629507 1.456616 0.128635 0.706596 -0.629572 1.125230 -2.324901 0.612517 0.448898 -0.088566 -0.134808 1.279193 1.464844 -1.671455 0.225983 -1.232528 -0.134240
32 1.445843 0.311683 -0.656904 0.478841 -1.187327 -2.467139 1.559739 0.531291 0.817453 -1.476567 -1.573978 -0.543691 -0.008109 -0.622296 0.515570 0.740903 0.729889 0.151923 -2.181073 1.395522 0.292542 -0.101794 1.029937 -0.970076 -0.459890
44 -0.802880 0.335171 -1.085473 -1.378556 -1.312854 -2.706157 0.757079 0.645332 0.860342 -1.895229 0.231946 -0.896984 0.489663 0.380900 -0.190595 0.354801 1.669831 0.482306 -0.529442 1.153398 1.498203 -0.803438 0.940459 -1.153903 -0.900876
81 -0.844387 -0.456113 2.073641 -0.449258 0.727749 -1.537532 -0.589418 0.171566 -0.135807 1.562928 -1.730459 0.163361 0.272732 0.396719 1.118824 -2.973274 0.508424 -0.181175 -0.095764 -0.009561 0.660021 1.163825 0.106931 0.197085 -0.367884
30 1.741741 -0.491041 -0.055339 0.457698 -0.301955 -1.756874 1.431270 -1.074024 1.634134 -0.425904 -1.291022 -0.045352 -0.072571 -0.188027 0.539142 1.700901 0.053185 0.735150 -2.487213 0.398493 0.363979 0.570778 1.994722 -1.414363 -0.027271
54 -2.520977 -1.699662 0.966455 -1.124834 0.505735 -1.070240 -0.299755 0.106249 1.540961 0.619463 0.465214 -0.422345 0.904726 0.157416 -1.427675 1.544429 1.146068 0.663137 -0.348649 1.473251 1.055372 -0.736590 0.632039 -0.540836 -0.588004
51 -1.150059 -1.501668 -0.267424 -1.381280 0.519374 -1.331040 -0.018865 1.103761 0.964933 -1.860873 0.026109 -0.934776 0.896369 0.259369 -1.772388 0.387575 1.191886 1.051736 -0.689270 0.868843 1.411388 -0.966725 -0.635043 -0.070119 -1.170079
75 -1.211901 0.131257 0.210450 -0.959067 1.485696 -1.092391 -1.163631 -0.570366 -0.547758 0.499336 -1.372214 -0.183457 -0.940754 1.291946 -0.500295 -2.188757 0.996511 -0.269410 -1.668713 -0.784072 1.061130 -1.358014 -1.117924 -0.732737 0.305817
78 -1.148262 0.373366 1.117767 -0.171617 2.228664 -1.048855 -1.073934 0.090768 0.743876 1.271389 -1.786685 -0.616683 0.059976 0.708021 0.144250 -2.543356 0.812029 -0.519199 -0.506375 0.094242 1.535090 0.696900 0.245292 -0.560446 0.348951
56 -1.336062 -1.308214 0.072408 -0.631871 -0.503629 -2.212251 -0.631590 1.741003 0.162727 0.073726 0.610291 -0.960320 0.406741 1.132417 -1.787842 0.649788 1.343800 -0.140739 -0.140864 1.724896 0.538340 -1.807350 -0.727565 -0.738446 -0.414867
49 -1.930541 -1.800448 -0.566585 -1.671204 -0.019776 -1.621034 0.421561 0.493103 1.055518 -0.798422 0.603722 -0.978176 0.356311 -0.471895 -0.641075 0.603094 0.615458 1.193357 -0.672072 1.408136 1.379246 -1.417072 1.195856 -0.624899 -0.369975
26 2.613553 -1.190941 0.334032 1.211737 -1.021407 -0.059803 0.406570 -1.323300 1.206098 -0.530732 -1.518974 -0.230164 -0.241714 -0.534188 0.786883 1.638188 -0.098289 -0.383728 -1.684506 0.143210 1.099784 0.286657 0.496321 -0.139551 0.250737
84 0.064936 -0.664514 1.488058 -1.699001 -0.257433 -2.005058 -0.429877 0.387148 -0.428045 1.455840 0.446383 1.046859 -0.081630 -0.728801 0.389575 -3.225544 -0.007932 -0.167587 -0.860745 -0.476153 0.470154 0.626007 -0.607053 1.281014 -0.412431
83 -0.717628 -0.676145 1.672564 -0.702113 1.248895 -1.445571 -0.554038 0.531348 0.272596 1.481980 -0.465352 -0.634999 0.638435 -1.129467 0.158546 -2.936160 0.152935 -1.762064 -0.458335 -0.255032 1.120470 1.402527 -0.426942 0.248089 0.113522
80 -0.955594 -0.424323 0.194254 -0.309395 1.140298 -1.861614 -1.039279 -0.050203 0.051652 1.809044 -1.200122 -1.198192 0.122693 0.887732 -0.060146 -2.949417 0.198610 -0.520535 -1.240237 -0.786834 1.217374 -0.828105 -0.286516 0.518411 0.389750
TRACK_START -0.243834 -0.202120 0.612036 -0.302770 -0.252452 -0.356104 -0.084837 0.019775 0.253784 0.108888 -0.298561 0.009240 -0.358106 0.243212 -0.284435 -0.085589 0.454330 0.065373 -0.328665 0.134242 0.858865 -0.033721 -0.170452 -0.533610 -0.246710
27 2.450929 -0.392153 -0.298096 0.960475 0.219096 -1.251877 2.391926 -1.272445 -0.380042 -1.855225 -1.789359 -0.313027 0.482856 -1.149415 -0.117240 0.845541 0.780567 -0.311620 -1.559928 1.162327 0.999672 -0.585015 0.943120 -0.167011 -0.476545
86 0.276685 -0.678649 0.734294 -1.765695 -0.229174 -0.549855 -0.425904 0.189755 -0.238285 2.070448 -0.742874 -0.703775 -0.019835 0.680955 0.189342 -2.607834 0.862362 -1.049762 -0.296175 -0.631636 -0.318708 1.948989 -0.071101 0.140772 -1.299266
82 -0.379183 -0.607829 0.824719 -1.323619 0.360757 -0.914459 -1.309729 -0.553640 0.716733 1.028358 -0.950380 0.298879 0.284851 0.806971 -0.562309 -3.379090 0.452169 -0.184321 -1.657506 -1.086919 -0.324327 0.007037 0.222572 0.682466 -0.307210
24 2.815265 -0.001043 0.458398 1.164744 -1.606501 0.338673 0.840589 -1.041995 0.219829 -0.425948 -1.439585 -0.342471 0.236108 -1.221794 0.253301 0.936001 1.850773 -0.201062 -1.131364 1.317197 1.423654 -0.878256 0.074753 1.633451 1.005874
85 -0.173761 -0.729302 0.307308 0.017444 0.787184 -1.483614 -0.964550 0.004316 0.842514 2.052359 -0.650236 -0.886152 1.065593 0.545721 -0.698893 -3.184240 -0.539446 -1.280879 -0.070024 -1.037273 0.908586 0.715579 1.041528 0.712241 -0.008605
88 0.491745 -0.686052 0.218413 -1.126594 -0.010043 -0.418788 0.246484 1.191461 -0.159592 2.757704 -0.787583 -0.860984 0.463041 -0.548880 -0.094944 -2.656030 -0.434876 -0.218663 0.689223 -0.173601 0.778054 1.628833 -0.076968 0.061504 -0.607939
89 0.655606 -1.100256 -0.544310 -1.039526 -0.942335 -0.691747 -0.167407 0.175238 -0.911603 2.046462 0.520070 0.401546 0.327383 0.312354 -0.965944 -2.929091 -0.122406 -0.211474 -0.216844 -2.035521 0.099773 0.825518 0.335651 0.528355 -1.237396
91 0.689220 -0.010410 -0.471915 -1.367477 -0.379728 -0.245238 -0.026343 -0.217793 -0.639634 2.453173 0.394513 0.086061 0.139536 -0.602176 -0.476890 -2.214121 -0.071414 0.455826 -0.168629 -0.357424 0.334628 2.017910 -1.581520 0.474873 -2.335396
25 2.335981 -0.274169 -0.786555 0.090825 -0.304270 -0.819528 0.842700 -0.834753 -0.960305 -0.861530 -0.640892 -0.146599 -0.136709 -0.918271 0.807804 1.424861 0.168578 0.321933 -2.385421 1.956074 0.196417 -0.168544 2.746784 -0.200466 0.748015
87 -0.063629 -0.201559 -0.792254 -1.514719 0.027705 -0.641935 -0.906376 -0.338559 0.202741 1.811080 -0.220319 -1.010373 0.563897 0.281611 -1.358259 -2.685237 0.238824 -1.546085 -1.218454 -1.326495 -0.163128 0.202385 -1.035056 0.508843 -0.777895
96 0.333547 0.137869 0.085748 -0.121118 -1.492284 1.237891 1.770721 0.299175 -0.451144 2.353568 0.765648 -0.561860 0.393231 -0.964523 -0.645462 -2.871317 0.642883 1.959612 -0.408785 -0.696714 -0.545988 -0.610310 -0.863510 0.741195 -1.391182
23 3.406383 0.011890 0.010431 0.241446 0.366338 0.114381 -0.333302 -2.548971 0.417524 -0.794021 0.585061 -0.988244 0.545376 -0.242084 0.567308 1.955640 1.144564 -0.192055 -1.833183 0.843869 0.218983 0.197771 1.275973 -0.206828 1.964568
93 0.018146 -0.934828 0.429956 0.270611 -0.891246 -0.258831 1.607378 0.245766 -0.619799 2.011400 -0.120225 -1.341392 0.113333 -0.217694 -0.536728 -2.780339 -0.750683 0.440378 0.807367 -0.337831 -0.773991 1.873617 -0.647639 -0.824989 -1.755433
90 -0.100370 0.196347 -0.852311 0.191273 0.623356 0.326729 -0.569336 0.685910 1.066438 2.182496 0.237450 -0.926083 1.237678 -0.515425 -1.441986 -2.880519 0.007746 -0.520712 -0.344899 -0.052090 0.433940 2.165105 -0.066691 0.180315 -0.739521
1 -0.653266 2.722804 2.271211 -2.744558 0.235020 0.160840 -1.013398 1.277935 -0.415431 -2.127579 0.120715 1.236688 -0.280431 -1.423374 -0.068990 1.749440 -1.746556 -1.615886 1.696579 -1.682107 -0.930504 -0.478812 1.282482 -1.977170 0.673562
95 0.450175 -0.261723 -0.685395 -0.503142 0.237484 0.812937 1.459606 0.628965 -0.001881 2.564643 0.572883 -0.894832 1.619294 -1.060241 0.060347 -2.451658 0.284259 -0.452013 1.040322 -0.235559 0.174485 0.489359 -1.167038 -1.031190 -1.893722
92 0.120082 0.213578 -1.474851 0.258614 -0.269987 -0.681389 -0.013820 -0.015187 -0.190530 2.240280 0.529749 -1.618905 0.691146 0.264995 -1.819796 -2.760326 -0.714228 -0.189089 0.121644 -1.455123 0.320513 0.709085 -0.572017 -0.136694 -0.855883
94 0.432307 0.085369 -0.798931 -0.264805 -0.586791 -0.049540 0.114447 -1.039254 0.100428 1.806708 0.812542 -0.635034 0.941794 0.795162 -1.698833 -2.772744 0.182716 0.934045 -0.127095 -1.531132 -1.071270 0.112826 -0.316127 -0.069888 -1.735500
98 0.873654 0.400765 -0.146007 -0.446510 0.282113 0.551668 1.029864 -0.291463 0.533587 1.957344 1.936936 0.186431 0.267811 0.510060 0.840158 -1.890141 -0.853434 1.072695 1.129831 -0.080880 -1.042623 0.974195 -0.358399 0.333146 -2.403845
21 2.772290 -1.300277 -1.373725 0.582223 -0.586413 0.093390 -0.406403 -2.308788 0.616402 0.422579 -0.222639 0.188651 0.378639 0.072096 2.013282 1.522371 0.705755 -1.324825 -0.360016 1.255143 0.373870 -0.762727 -0.108262 0.019748 1.709627
22 2.720099 -0.684884 -1.481489 1.458641 -1.224318 -0.232029 0.792873 -1.737932 -0.678513 -1.587389 -1.746432 0.834334 1.069657 0.963243 0.029845 0.918863 0.089909 -1.185646 0.555133 2.100797 1.170873 -0.010689 0.967331 0.982147 0.853665
100 -0.259001 0.187605 -0.472313 0.345378 0.250062 1.165480 1.355897 0.899435 -0.517704 2.046698 0.778923 -0.773223 0.632632 -0.174111 0.855801 -1.407624 -1.895041 1.160457 1.191447 -0.396800 -0.999027 0.237196 -0.351500 -0.190134 -1.650283
99 -0.440654 0.008013 -1.175658 0.044848 -0.549760 1.303482 1.432679 -0.049481 1.098989 0.874469 1.523894 -0.783150 -0.391580 0.812962 -0.721856 -2.418570 -0.607562 -0.981564 -0.104151 -1.451240 -2.355148 0.875463 -0.717789 -0.000719 -1.538550
97 -0.200634 -0.248685 -1.387643 1.174176 0.185755 0.465858 1.306027 -0.780351 0.838809 1.547541 1.079545 -1.203284 1.375847 0.742604 -0.470797 -3.199257 -1.343467 0.055001 1.204370 -0.058493 -0.564758 -0.292597 -0.212354 -0.215565 -0.928770
103 -0.617286 0.027428 -0.622707 0.903354 0.174596 1.441613 0.404524 1.157021 -0.259919 1.670903 0.961354 0.108522 1.126846 -0.013702 1.522424 -0.774043 -0.798784 0.894551 -0.661905 -1.634987 -1.771399 0.255964 -1.075281 -0.670631 -2.609563
0 -0.159965 0.925782 1.198470 -1.832510 0.004546 0.318537 -1.627459 0.079876 0.050121 -1.630292 -1.317739 1.273019 -1.071125 -0.783161 -1.096986 2.027342 -1.360188 -1.552337 1.813390 -0.382973 -1.506940 1.009823 -0.568980 -1.528957 1.928038
101 -0.914951 0.231112 -0.253573 0.751391 -0.923954 1.231307 0.619284 -0.110820 -0.488827 1.276525 1.178545 0.538197 0.524450 0.557482 0.230251 -1.837520 -1.146128 0.256455 0.446828 -2.012985 -1.828590 -0.217275 0.677662 0.417629 -2.440031
20 1.714768 -0.023783 -1.128938 0.588501 -1.333132 -1.037269 0.554515 0.035006 -1.237796 -1.561485 -0.170558 -1.378690 0.031912 -0.202867 1.075136 0.874523 2.276041 -2.689058 0.207233 2.955099 -2.528591 -0.561638 0.924739 -0.829929 0.952891
108 -1.950589 0.398225 -1.185451 1.699906 -0.705110 2.913151 -0.262025 1.937275 -0.458399 -0.139213 1.850988 1.199900 0.312857 -1.567088 0.474284 -1.838026 -0.261638 1.226190 -1.142412 -0.071200 -1.237166 1.184507 -0.307001 0.734493 0.077121
105 -1.591457 -0.766033 0.013750 1.672367 -0.000030 1.310034 1.410870 0.583818 -1.315157 0.265833 1.168378 -0.711338 0.774070 -0.532234 1.489806 -1.784204 -2.343027 0.762807 0.384978 -0.183182 -1.402561 0.593639 -0.897636 -0.315574 -1.622056
104 -1.894645 0.282006 -1.898750 1.590338 -0.807795 1.710219 0.071043 -0.417053 -1.172872 0.449944 0.998622 -1.462210 0.146915 0.004003 -0.629605 -1.512479 -1.689008 -0.165726 -0.010396 -1.770890 -1.578246 1.162560 -1.274329 -0.613762 -0.320936
112 -1.600481 0.992088 -0.789324 0.340372 0.542536 2.969341 -0.666069 1.506540 -2.007135 0.047367 -0.478969 -0.599531 -0.657475 -1.063342 0.602979 0.605348 -3.133582 1.171112 0.372233 -0.215395 -0.321635 -0.432372 1.361660 0.869395 -1.012256
19 1.167779 0.165489 0.269472 1.035187 0.243374 0.424480 -0.068588 -2.645040 1.106217 -0.787104 -0.606060 0.870105 0.238949 -0.494000 2.149323 1.822050 0.382932 -1.557639 -0.091489 1.275923 -0.680068 -1.848544 -0.972254 2.009877 0.475802
102 -0.026435 0.464342 -0.950540 1.244562 0.979368 1.677400 0.290168 0.423820 -0.078496 1.018528 1.445840 -0.627877 1.651428 0.294817 0.514780 -1.004716 -1.149301 0.287306 1.000239 -0.882579 -1.760001 0.794572 -0.400992 -0.821722 -1.500382
11 0.983200 0.845333 -0.724375 -2.429895 1.646971 0.083927 1.342344 -2.400867 0.952845 -0.684993 -0.087476 0.373545 -2.232185 -0.792336 -1.514121 1.435466 0.339598 -0.067819 2.147264 0.068876 -1.647093 0.625673 -1.160247 -0.171142 2.750599
12 -1.124914 0.867987 -0.798251 0.106318 -1.542897 1.389198 0.782575 -1.972301 0.364950 -0.380881 -0.033938 0.440852 -1.986268 1.043822 -0.622321 0.772819 -0.592896 -1.145701 0.027993 2.531319 0.040197 0.504222 0.142690 3.053776 1.999912
127 0.140590 1.318499 -0.363669 0.862748 -1.338744 -1.150900 -3.484976 3.511794 0.032048 1.393465 -1.708284 0.754158 1.302723 1.211037 0.228910 1.957655 0.726849 1.002383 1.649605 -1.118253 -1.260064 -0.527408 -1.510004 0.065590 1.660524
2 -0.513118 1.817119 0.462466 -0.316626 -0.514292 -0.820215 -2.407815 -0.429253 -1.830668 -0.295071 -1.019944 0.560382 -0.433766 -0.403607 -0.083051 2.816190 -1.374031 -0.038184 1.831089 -0.852853 -1.295768 0.086505 -0.452766 0.017788 2.686678
17 1.685319 0.523436 -0.158401 -1.053344 -0.037329 0.932144 0.149101 -1.213769 -1.112415 -1.626235 -1.757968 -1.223224 -2.460535 0.144901 1.391151 2.296559 -0.715584 -3.251470 1.871173 0.023937 0.037181 -2.662929 2.282410 1.961158 -0.056954
107 -1.044256 0.984455 -0.762468 1.724004 0.093654 1.748092 -0.474166 0.931927 -2.027565 0.403650 1.824253 -1.195227 1.468820 -1.003843 1.476979 -0.771399 -0.969375 0.348276 -0.570661 0.215156 -0.475215 0.544320 -0.737951 0.433430 -1.319307
117 -1.911049 1.733634 1.323344 2.616116 0.164893 -0.196068 -0.450107 0.579577 -2.236912 -1.092752 0.273119 0.437432 0.407918 -1.473421 0.477868 1.334146 -1.775013 0.361839 1.384169 -1.451310 -1.910778 0.536746 0.876234 -0.484010 -0.468724
106 -0.999257 0.425992 -0.632174 1.549286 0.133045 2.257875 -0.709575 -0.425461 -0.543827 -0.158921 2.024911 -0.599662 1.459155 -0.748944 -0.660102 -1.532175 -0.337422 1.115115 -0.940613 -0.993041 -1.979859 -0.162579 0.428913 0.951279 -1.594857
14 0.517069 -2.253256 -1.104977 0.322621 0.204691 1.573316 0.274474 -1.386023 1.350654 -1.228356 -0.916438 0.871254 -0.719209 -0.342225 0.817918 1.088575 -1.464737 -2.509884 0.896153 1.119341 -1.353297 -0.030435 -0.894455 0.846731 2.137040
110 -0.326585 0.407592 -1.625740 0.672421 0.809054 1.803396 -0.055937 1.570808 -3.092576 -0.416443 2.478484 0.556301 0.336252 0.007373 0.709074 0.185221 -1.021181 -0.106373 1.361867 -1.386818 -0.375656 0.297106 1.920082 0.513886 -1.328651
109 -0.850322 0.963284 -1.820911 0.971275 0.351450 0.260161 -0.374561 0.345156 -0.933471 0.321519 3.798292 1.196364 0.634823 -0.626261 0.653418 -0.688589 -2.980377 1.533848 -0.238221 0.096566 -0.288690 0.987857 -0.310048 1.647625 -0.512950
16 0.596806 -2.265135 -0.650165 1.479165 0.542509 0.323425 1.365814 -2.141476 0.701303 -0.429873 0.407980 0.042241 -0.166440 0.906775 0.926305 2.208535 0.462452 -1.353821 0.304985 -0.892790 -1.284200 -0.767001 1.035901 1.284193 2.526160
15 1.079270 -0.404130 -1.977502 0.797363 0.255195 2.269545 3.710017 -2.011865 -0.798126 -0.007861 -0.223509 0.496645 -0.280755 -0.762982 0.172115 0.414315 0.035485 -1.542266 0.753112 0.279992 -1.693965 -1.714749 -0.488667 0.221710 -0.386583
18 1.358582 0.385725 -0.097300 0.227103 0.910092 1.294676 0.039834 -1.262392 0.663281 -0.457269 -0.380447 1.241552 1.142180 0.558828 1.276848 2.347285 0.037787 -0.778148 -0.596810 0.982039 -2.105827 0.089676 3.334336 1.156779 0.924745
111 -1.873950 1.644108 -1.128901 -0.340508 0.636272 2.334017 -0.362972 -0.518127 -1.828481 -0.989879 1.741748 -0.005941 -0.059766 -0.770222 0.052141 0.826583 -1.288876 -0.520554 0.411669 -0.055368 -1.526179 -0.944995 -0.780008 0.981182 -1.806495
10 1.576651 1.784963 -1.132985 -0.099734 0.453018 0.259614 2.463807 -0.121616 1.594944 -0.711597 -1.301366 0.869845 -2.310913 0.800007 -1.650728 0.829743 -0.683202 0.202198 2.119795 -0.928204 -2.214086 0.864196 -0.490980 -0.308113 1.380435
115 -2.095546 0.759634 -0.600629 0.561880 0.611385 2.108638 -1.167240 0.819043 -1.722432 -0.216717 0.021629 1.276367 0.839783 -1.310460 0.649303 1.861111 -1.341169 0.635013 0.788944 -1.247273 -1.789643 0.168400 0.651968 -0.126409 -0.305195
113 -1.374055 0.037829 -1.816241 0.390825 -0.522832 2.265208 0.001696 0.391548 -2.896937 0.447648 0.144626 2.599137 1.547548 -1.280157 -0.049052 0.370031 -1.141719 -1.475017 1.474787 -0.260702 -1.224390 -0.927860 0.851115 0.536530 -0.218968
9 0.621334 2.490537 -0.901330 0.152163 0.452709 -0.461970 0.277499 -0.534060 1.494095 0.029326 -0.006912 1.072599 -1.208946 2.186084 0.297914 1.141742 1.479326 -0.744821 2.544921 -0.618598 -1.370448 0.917467 -0.942507 0.801957 2.067185
116 -1.482373 1.568130 -1.755781 0.784236 -0.320468 1.407385 -1.699955 -0.559412 -3.521998 0.620961 -0.189107 -0.487745 0.347219 -0.376799 -0.452919 0.835328 -1.234398 0.464302 0.874519 -2.455058 -1.513532 -0.255502 -0.333542 0.110158 -0.009585
7 -0.173102 1.537168 -0.838741 -0.395807 0.777015 0.289932 -0.632925 -0.999310 0.470632 -1.334944 -0.051431 0.190721 -2.231520 0.690854 1.029722 1.888395 -0.871031 -0.294562 1.035367 0.771651 -1.439715 1.620589 -2.400750 1.273440 2.631473
119 -0.959299 1.100757 1.886882 0.775024 0.800680 -0.792238 -1.171630 0.442000 -1.079163 -0.806379 0.886724 0.673587 1.231568 -3.366629 -0.199540 0.919730 -1.535941 -1.081849 0.493021 -2.022840 -0.856439 0.389670 -0.397876 0.733518 1.830380
13 0.547273 -0.490700 -1.984038 1.318354 0.649872 1.196150 0.814126 0.071425 1.927558 -0.516719 0.965258 1.192206 -0.867483 -0.705336 0.268407 -0.975084 -1.025736 0.075889 0.624884 1.950239 -1.626535 -1.476010 1.715554 0.992057 2.733631
114 -1.249137 1.443291 -1.089402 1.787425 0.778502 2.086890 -1.061599 0.351306 -1.202197 0.012957 0.373096 0.135010 1.166808 -0.439940 0.769231 0.363531 -2.204040 -0.060808 0.706496 -0.509423 -1.851121 -0.905232 0.319843 1.061672 -0.118412
120 -0.211808 1.336608 0.012236 0.141677 -0.696510 1.147250 0.134138 2.091376 -1.619220 -1.294418 1.589567 2.348153 0.111950 -2.737806 0.007792 -0.403192 0.402469 1.260458 1.044796 -1.930041 -0.047971 -0.933812 -0.925708 1.754487 2.711332
5 1.694997 1.089752 -0.465165 0.449982 1.034749 1.685065 -0.864463 -1.792669 -0.475325 -2.074663 1.878795 -0.859844 -1.916539 0.780470 -0.793221 1.226321 -1.179084 0.326965 0.858643 -0.214843 -0.465293 1.561482 -1.128651 0.871933 1.700189
3 -0.833998 0.980104 -0.853204 0.414596 1.464641 0.972465 -0.689531 2.492804 -0.513359 -1.739450 -0.440333 0.450918 0.090956 0.162643 0.038646 1.957995 -2.144354 -1.103669 1.056603 -0.739865 -2.561815 0.764365 -0.024863 -0.605612 0.205649
124 1.509637 2.563044 1.134592 0.334266 0.426340 1.096490 -0.414089 0.548140 -1.597469 2.354753 -1.236534 -0.115288 0.669441 -1.530536 -0.206084 1.364382 -1.481056 1.425626 1.424938 0.587462 -0.525175 -0.952899 1.333568 1.131999 2.202060
4 1.191685 1.716419 0.013298 -0.781850 1.041218 -0.001326 -1.225245 -0.728349 0.014567 -1.203670 1.420766 1.300436 -0.874327 0.034177 -0.123428 1.747468 -0.044483 -2.665931 2.438572 -0.959276 0.335792 1.153742 0.418757 1.189076 1.449044
118 -1.200774 2.015258 0.244893 1.114228 0.610338 0.430240 -0.571380 0.051004 -1.574022 -0.155604 1.095368 0.437029 0.794705 -1.411788 0.206790 1.147178 -1.242212 0.458319 1.157109 -1.622168 -1.385394 -0.770443 -0.399994 0.540890 0.994183
126 1.423736 1.069399 -1.212697 -1.415615 0.445025 -1.989780 -0.509627 0.447976 -1.341723 -0.287369 -1.537229 0.826751 -0.752055 0.327457 0.741426 2.358506 -0.851236 2.540164 0.171673 -0.482693 -2.334807 0.735986 -0.806404 0.215318 1.873407
123 1.136701 1.217470 0.512876 -0.293584 0.422423 -0.253728 -2.448911 -0.293437 -2.695736 -0.848039 -0.514307 -0.439442 1.972838 -1.716388 0.521295 1.126849 0.786686 0.415394 0.438636 1.121802 -1.992374 0.004411 0.331648 1.820022 1.613359
122 0.673401 2.867717 1.266902 0.715568 0.560403 -0.245803 -1.433477 -0.200268 -0.436927 0.292148 -0.025972 1.155492 2.268106 -1.365952 -0.429566 1.297454 0.297243 1.371909 1.604778 0.391430 -2.259096 0.972089 0.638851 1.747691 0.269388
8 1.434438 1.662846 -1.752973 0.482592 2.444566 0.557558 -0.063658 1.460010 0.630988 -1.943337 1.099996 -1.312951 -0.425210 0.118646 -1.325490 0.688283 -0.832496 -1.803219 1.275070 0.610791 -1.586924 0.796837 -0.578778 0.151575 1.584743
121 -0.048149 2.829875 0.937009 0.637233 0.460998 0.058837 -1.950605 -0.647114 -1.132474 0.432821 0.354416 1.523518 1.581736 -1.529776 -0.579533 0.173734 -0.462958 0.605202 1.029577 -0.081938 -1.984256 -0.314379 0.324423 2.287048 2.498247
6 1.403711 1.879036 -1.557320 -0.011771 2.280585 -0.080500 0.329453 0.445930 -0.565646 -3.001981 1.518996 0.957646 -0.034450 0.408325 -0.221692 -0.048585 -1.041223 -1.063365 1.083878 -0.604811 0.021412 1.429844 0.102772 1.455629 2.000181
125 1.096167 0.582607 -0.014634 1.584508 1.088467 -1.350964 -0.907004 0.435943 -1.384516 0.154706 -0.359019 1.040070 0.497590 -0.883292 0.133931 2.576613 -0.218656 1.791611 1.423906 0.098787 -2.334182 0.651356 -0.185280 0.616284 1.894268
<unk> 0.046628 0.159457 -0.197418 0.027929 0.125814 -0.011814 -0.083050 -0.034866 -0.176172 0.082145 0.017775 -0.027005 0.136185 -0.112060 -0.043863 -0.123820 -0.211679 -0.080484 0.084727 -0.076086 -0.295100 0.010473 0.062166 0.150380 0.072567
