38 0.764023 -0.471200 0.491214 -0.373131 -1.896502 -0.031622 0.667809 -0.524022 1.712024 -0.133014 -0.453383 0.282842 -0.341507 -1.140044 0.736539 0.732321 0.861858 0.126615 -0.790652 -0.296542 1.871100 0.211098 0.557626 -0.427353 -0.200759 -0.924197 -0.081221 -1.641055 -0.528206 -0.277050 1.442483 -0.358492 -0.385474 -1.305949 0.088304 0.033123 -0.824736 -1.273775 -0.165831 -0.506898 1.211729 0.198633 -0.010656 -0.545800 -0.710270 -0.643123 0.075062 -1.100083 -1.028882 0.487249
36 1.344342 -0.385831 0.387411 -0.393927 -1.309010 -1.172027 0.099138 -0.763107 1.463276 -0.992147 -0.430050 -0.544878 -0.825978 -0.932449 -0.168858 0.133016 1.362149 0.269052 -0.640348 0.160407 1.675204 -0.159913 0.581434 -0.390318 0.582698 -1.201093 1.342222 -0.416961 -0.808232 0.280243 0.439730 -0.505893 0.174030 -1.214164 0.148219 0.560901 -0.992549 -0.774630 -0.042107 0.426522 0.304378 0.356218 0.007068 -0.579569 0.062645 -0.022087 -0.511099 -0.642729 -0.788649 0.628224
67 -0.033048 -0.192022 1.727005 -0.985136 0.451007 0.279641 -0.248679 0.405344 0.032608 0.936645 -0.615172 0.610890 -1.176991 0.992762 -0.162447 -0.511611 0.262150 0.270611 -0.436504 0.310215 1.267794 -0.461793 -0.688992 -0.707660 -0.899824 0.321195 -0.197112 0.142084 0.603372 0.332637 0.579308 -0.019605 0.102779 -0.363361 -0.898400 0.330877 -0.635282 0.038598 -0.714583 -1.354647 -0.758717 0.883197 -0.889692 1.124512 0.580868 -0.519686 -0.639192 0.111542 -0.455389 -1.364734
69 0.338924 -0.319559 1.262894 -0.359212 0.242154 0.158616 -0.028765 0.558174 0.007459 0.971998 -0.561022 0.702409 -1.109844 0.742876 0.159987 -1.207227 0.271316 0.250857 0.137227 0.590670 1.063522 -0.237408 0.189006 -0.684343 -0.757767 -0.010005 -0.066060 -0.104883 1.803953 0.833764 0.104481 0.435671 0.009399 -0.496153 -1.153562 -0.260358 -0.320544 0.027198 -0.851885 -1.173880 -0.198563 0.762585 -0.284042 1.077547 0.399916 -0.365071 -0.440953 -0.017401 -0.707025 -1.723154
33 1.588411 -0.397579 0.099359 -0.990779 -1.104721 -0.251493 0.998007 -0.560316 0.888562 -0.796292 -0.835665 -0.136544 -0.500018 0.098691 0.778328 1.214397 0.330017 -0.641386 -0.670898 0.191491 1.224413 1.062340 0.348854 0.050505 -0.064000 -1.311252 0.197912 -0.125878 0.028334 0.708967 0.854222 -0.814740 -0.680871 -1.665802 0.457771 0.628066 0.146393 -2.461193 -0.602580 -1.057558 0.834751 0.156701 1.101458 -0.690360 0.341488 0.617234 0.244732 -0.486867 -0.295039 0.472237
62 -0.695615 -0.794596 1.401807 -0.008855 -0.011192 -0.080723 -0.130720 1.079719 -0.402772 0.544261 -0.797442 0.754171 -1.052064 0.977130 -0.875122 0.266645 1.538075 0.162735 0.087953 0.448234 1.066038 0.209466 -0.558996 -0.772569 -0.845413 0.059447 -0.431656 -0.030785 1.064632 -0.294859 1.194492 0.347320 0.572865 -0.768865 -0.860891 -0.312459 -0.336161 0.703205 -0.942520 -1.058981 0.246780 0.101847 -0.744985 0.785643 0.247074 -0.914293 -0.388488 -0.181113 -0.627931 -0.927331
43 -0.129160 -0.689759 1.520168 -0.796921 -1.289422 -0.717316 0.338863 -0.816757 1.137434 -0.201338 0.061305 -0.569483 0.408073 -0.564777 -0.622572 0.429439 0.544957 -0.123729 -0.153342 0.709308 1.668584 -0.403924 0.149405 0.210204 -0.424131 -0.704540 0.124994 -0.973186 0.211808 -0.367154 1.063379 -0.304919 -0.248409 -1.052527 -1.395836 0.429298 -1.406643 -1.871715 0.156650 0.731368 0.675927 0.067199 -0.685962 -0.437008 -0.183043 -0.502189 -0.354362 -1.108840 -0.694650 0.909016
40 0.018015 -0.999571 0.396062 -1.352143 -1.115712 -0.847986 0.407346 -0.136322 1.452069 0.124119 0.764269 -0.807671 -0.310486 -0.419183 0.789940 1.088148 0.304393 -0.146209 -0.228856 0.548254 1.255661 0.358114 0.854557 -0.636428 0.539359 -1.192283 0.075645 -0.850132 0.077955 -0.201339 1.097302 -0.331561 -0.425724 -1.472214 0.433181 0.566173 -0.179336 -2.419875 -0.183834 0.113536 0.512694 -0.207321 0.001006 0.466632 0.337504 -0.168155 0.427352 -0.962509 -0.563113 0.195119
64 -0.623410 -0.415850 1.091074 -0.306733 0.377202 -0.473882 0.213038 0.395696 -0.110299 1.080124 -0.230274 0.278606 -1.442334 0.998327 -0.854165 -0.357003 0.484407 0.271286 0.050588 0.230232 1.112790 0.027391 -0.196240 -1.384119 -0.267548 -0.444985 -0.083047 0.239224 1.455749 -0.087394 1.253167 0.427556 0.261069 -0.692601 -1.010780 0.527415 -0.172196 0.272407 -1.191793 -0.967162 -0.239616 0.990230 0.093786 1.246945 0.646242 -1.385484 -0.507789 0.547435 -0.538781 -0.896532
72 0.475592 0.286836 1.109890 -1.251840 -0.090394 0.169794 -0.109206 0.375679 0.003919 0.381767 -0.308770 0.604662 -0.711533 0.327214 0.478270 -1.836054 0.154156 0.456359 -0.214827 0.098489 1.171802 -0.844620 -0.945201 0.061917 -0.327215 -0.126373 -0.063074 0.369944 0.282631 0.572418 -0.049843 -0.056359 -0.245663 -0.246300 -0.637045 -0.143454 -0.291945 -0.240192 -0.971169 -0.966933 -0.555339 0.686262 -0.876688 1.425373 0.469552 -0.499401 -0.815502 0.061843 -0.168366 -2.178698
74 -0.084891 0.654391 1.076089 -1.150037 0.308008 0.091909 -0.587305 0.686286 -0.212666 0.017509 -0.655301 0.492873 -0.203077 0.386192 0.669860 -1.529681 0.714658 0.850941 0.080476 -0.105516 1.016673 -0.051778 0.079130 0.264272 -0.675308 0.148486 -0.204132 0.218213 0.816320 1.189026 0.086421 0.484884 -0.375518 -0.199701 -0.665842 -1.243342 -0.766141 -0.400744 -0.797613 -1.230227 -0.214059 0.474802 -0.777703 1.190576 0.411551 -0.403900 -0.324030 -0.057093 -0.909394 -1.976991
60 -0.371179 -0.553384 0.782628 -0.726980 -0.809967 -0.510143 -0.268587 0.838960 -0.412438 0.446545 0.045983 -0.086954 -1.284152 0.679884 -1.433325 0.150284 1.546935 0.325663 -0.503923 0.999904 0.928085 -0.528945 -1.171674 -0.557259 -0.378056 -0.036891 0.162883 0.000139 0.303527 -0.319917 0.791051 -0.722440 0.120426 -0.653727 -0.836169 0.563608 0.066595 0.761785 -1.231913 -0.805350 -0.098666 -0.057888 -0.553433 1.244688 0.552910 -1.269363 -0.740397 -0.329698 0.271028 -0.696383
45 -0.601859 -0.629253 0.649360 -0.663030 -1.529480 -0.226386 0.755264 -0.482046 1.150480 0.107169 0.135307 -1.140117 -0.312117 -0.066350 -0.050956 0.706410 0.131466 0.226271 0.018724 0.487219 1.757972 -0.214805 0.189562 -0.672620 -0.258482 -0.904336 -0.494296 -1.003093 0.993743 -0.269803 0.402915 -1.012927 -0.763617 -1.943618 -0.655234 0.293378 -0.246915 -1.355307 -0.450633 0.311567 1.639451 -0.389399 0.186918 -0.221354 -0.776969 -0.291418 0.454150 -0.999165 -0.396071 -0.321422
31 1.750596 -0.558565 1.179822 -0.371099 -0.534057 -0.842210 0.929868 -0.741773 0.587871 -1.071364 -1.585828 0.060560 -0.014054 -0.991016 0.008820 0.647398 0.478514 -0.299346 -0.952400 0.173390 1.179783 0.146592 0.487993 -0.010505 0.165851 -0.751247 0.821334 0.019212 -0.230515 0.268417 1.012249 -0.573386 0.153187 -1.121425 0.062387 0.355637 -1.053917 -1.479585 -0.073796 -0.533244 0.369057 0.184017 0.083897 -0.855273 0.417208 0.634045 -0.381481 -0.991844 -0.856979 1.410090
71 -0.095054 -0.050664 0.821004 -0.417257 0.967004 0.112944 -0.213215 0.500001 0.222429 1.118462 -0.662579 0.091873 -0.144945 0.350032 0.243946 -1.124769 0.362154 0.323766 0.658857 -0.246456 1.415757 -0.813551 0.455241 -0.740889 -0.322455 0.044998 0.267243 0.114099 1.568603 0.605887 0.382254 0.348328 -0.301645 -0.242877 -0.855235 0.092917 -0.699231 -0.520504 -0.400359 -1.516297 -0.838984 0.956107 -0.213362 1.141248 0.364140 -0.390432 -0.858107 -0.026485 -1.007680 -1.931806
65 0.068577 -0.472742 1.097774 -0.570398 0.007274 0.080296 -0.145037 1.124240 -0.040021 0.577556 -0.380910 0.762217 -1.456504 1.343334 -0.397513 -0.861294 0.005685 -0.209134 -1.366048 0.882770 0.482631 -0.558985 -1.360101 -0.702160 -0.791134 -0.073722 0.202541 -0.048421 0.420668 0.416617 0.565908 0.327145 -0.425006 -1.074191 -1.101089 0.749944 -0.330896 0.343113 -0.743130 -1.159372 -0.548993 0.752108 -1.035610 1.004440 0.150467 -1.066634 -0.022953 -0.501593 0.098425 -1.014048
48 -0.778214 -0.203632 0.739522 -1.237861 -1.095018 -0.641750 0.196500 -0.153734 0.319652 -0.982375 0.345763 -0.998313 -0.193640 0.573724 -1.148062 0.076694 1.240881 1.589102 -0.139357 1.243209 1.723761 -0.548667 -0.095032 -0.053735 0.096797 -0.551912 0.051723 -0.736059 -0.160236 -0.759463 -0.179343 -1.368439 0.288814 -1.345296 -1.194786 0.639449 -0.877032 -0.708455 0.057394 0.375178 0.553776 -0.332390 0.097110 0.303316 -0.218019 -0.688333 -0.978086 -0.773974 -0.332264 0.424132
41 0.165196 -0.066316 0.796072 -0.737808 -1.323162 -0.097556 0.324692 -0.853175 1.505893 -1.289975 0.171109 -0.653576 -0.444467 0.035843 -0.500651 0.714112 0.639510 0.079053 -0.674238 1.090979 1.351145 -0.317513 0.817056 0.270727 0.428624 -1.552348 1.213299 -0.982327 0.201061 0.067866 0.568569 0.271624 0.173667 -1.444260 -1.591093 0.444003 -0.844573 -0.825454 0.980056 0.182621 0.863971 0.900705 -0.615856 0.027575 -1.155233 -0.009173 0.260399 -0.354073 0.590609 0.516548
50 -1.925628 -1.399253 0.225336 -0.587486 -0.394533 0.177912 0.489433 -0.157155 0.738721 -0.357315 -0.105926 -0.444919 -0.074082 0.154254 0.026699 0.426028 0.946876 1.305065 0.092334 0.701329 1.718095 -0.022957 -0.409224 -0.818634 -0.550778 -0.146614 -0.473081 -0.866329 0.667230 -0.893673 1.002466 -1.517262 -0.351217 -0.931019 -0.952414 -0.008919 -0.850488 -0.779378 -0.329223 -0.093769 1.588379 -0.233606 -0.525795 -0.236789 -0.623253 -0.870965 -0.222401 -1.251505 -0.716988 -0.091815
35 1.373563 -0.577763 1.035318 0.082892 -0.079825 -0.638450 0.923544 -0.108053 1.491373 0.506642 -0.302523 -0.482013 0.170562 -0.397829 0.836450 1.339730 0.179297 0.259670 -1.377294 0.124845 0.934449 0.111444 0.458630 -0.246480 0.098230 -1.254369 0.226518 -0.413069 -0.077554 0.156098 1.251743 0.154121 -0.057074 -2.079427 1.761460 0.341650 -0.424104 -2.201462 0.593651 0.059505 0.544448 -0.168626 -0.031433 -0.072534 0.874721 0.532619 0.062428 -1.325264 -0.213015 -0.017296
57 -1.169478 -0.553429 0.530304 0.129974 -0.607434 -0.221814 0.175011 0.816647 -0.308981 0.557549 -0.316726 -0.394973 -1.018274 0.878656 -1.321501 0.096255 1.045239 0.610363 0.449849 0.886594 1.034933 -0.500658 -1.291678 -1.385596 -0.751049 -0.511015 -0.415519 -0.126262 1.617736 -0.119670 1.718498 -0.496982 -0.100097 -0.937551 -1.103690 -0.074822 0.008106 -0.171541 -0.778150 -0.496786 1.352322 -0.165984 0.094595 0.269449 0.038944 -0.445395 0.212764 -0.400046 0.488510 -0.557348
55 -1.172651 -0.658359 1.203635 -0.945155 -0.462328 -0.369705 -0.815587 0.105117 -0.062949 0.237512 -0.015130 0.036936 -0.049824 0.584283 -1.425742 0.490113 1.041573 1.042384 0.005335 1.474555 1.147890 -0.919665 -1.697552 -0.066081 -0.994071 0.071630 0.408815 -0.382731 0.765126 -0.724072 1.785500 -0.828886 -0.426161 -0.215069 -1.089644 0.534326 -0.760266 -0.555537 -0.720144 -0.712170 0.995461 -0.460739 -0.294260 -0.048289 0.454229 -0.249448 -0.376174 -0.398486 -0.114534 -0.031124
76 -0.080062 0.651396 0.840690 -0.728309 0.007785 -0.409145 -0.016137 0.258324 -0.541536 0.601229 -0.358373 -0.686769 0.133305 -0.113111 0.757607 -1.455989 -0.155205 1.039295 0.574103 -0.634187 1.175814 0.222903 -0.098638 0.240408 -0.428581 -0.026060 1.012659 0.120549 1.222501 0.956074 0.539342 0.525772 -0.714774 0.016148 -0.533426 -0.859565 -0.162219 -0.338682 -0.210112 -1.176972 -0.619487 1.091537 -0.059541 1.432730 -0.124460 -0.958728 -0.975235 -0.398230 -0.317268 -2.094770
66 -0.220237 -0.499649 0.759574 0.361729 1.197629 -0.369237 -0.235144 0.761991 -0.077323 1.203539 -1.386053 0.461758 -0.504491 1.356767 -1.279353 -0.329994 0.249103 -0.120305 0.113851 0.094856 1.345533 -0.140918 0.746538 -0.992654 -0.350605 -0.170316 -0.362699 -0.193635 1.199986 -0.067873 0.667123 0.809515 -0.198708 -0.661429 -0.824526 0.313337 -0.652307 -0.127543 -0.686942 -1.804639 -0.008380 1.120235 -0.075751 1.126064 0.264725 -0.917740 -0.372028 0.002858 -0.807400 -1.199584
34 1.726271 -0.540544 -0.729020 -0.206990 -0.905181 -0.972501 0.660805 -0.789036 1.761917 -1.936112 -0.859169 0.280344 0.130155 -0.509679 0.066662 0.746419 1.163107 0.086105 -0.725647 1.345878 1.395806 0.684226 0.752711 -0.719623 0.313822 -0.401070 1.140576 -0.529160 -0.637774 0.623516 0.511526 0.303086 0.620587 -1.314142 0.018475 0.483629 -0.209786 -0.271102 1.096351 -0.915508 0.222712 0.542881 -0.737055 -0.668066 -0.120956 0.208716 -0.500258 -0.680330 0.137167 0.005945
59 -1.475431 -0.576377 0.528150 0.061580 0.724121 -0.419837 0.084137 0.753927 0.322855 0.881983 0.078938 -0.474462 -0.206951 0.630613 -1.965609 0.883745 1.301484 -0.061810 0.914776 0.151239 1.167037 -0.687870 -0.608991 -1.083086 -0.765346 -0.359634 -0.591637 -0.201830 0.994260 0.122544 2.177901 0.084523 0.407687 -0.712559 -0.618303 0.438537 0.066754 0.046161 -0.701621 -0.881976 0.302419 0.154387 -0.022296 0.929025 0.725378 -0.614561 -0.361633 0.111612 -0.365905 -0.698447
70 0.548604 -0.526450 0.466746 -0.565924 0.763709 -0.044157 -0.533969 1.131307 0.321087 0.066464 -0.660641 1.030228 -0.507467 0.685965 -0.182970 -1.763247 -0.357517 -0.244704 -0.136732 0.465883 1.046156 -1.001235 -0.262809 -0.098249 -0.047104 0.065512 -0.917817 -0.000349 -0.413257 0.497542 -0.280031 -0.018779 -0.539580 -0.601250 -0.862708 0.284097 -0.406937 -0.138427 -0.567598 -1.514654 0.249033 0.917527 -1.582558 1.622229 0.259442 -0.587136 0.064493 -0.317764 -0.500876 -1.708738
52 -2.546163 -1.559155 0.578602 -0.481556 -0.075111 -0.607985 0.235974 -0.373682 0.379686 0.432959 0.636561 -0.860764 -0.756419 0.727318 -0.446728 0.605505 1.028997 1.101863 0.099024 0.465985 1.017665 -0.554718 -0.497899 -0.497970 0.538770 -0.693253 0.401319 -0.335326 1.502189 -1.001834 1.281810 -0.630207 -0.359832 -1.218793 -0.090258 0.317552 -0.214651 -1.024702 -0.828008 -0.073764 0.882966 -0.241861 -0.051636 0.862636 -0.181375 -0.317122 0.086243 -0.672451 -0.238528 -0.017950
39 0.909661 0.163635 0.227577 -0.406743 -0.452985 -1.135879 0.398387 -0.825862 1.235506 -1.638930 -0.600863 -0.578255 0.387109 -0.088166 0.257890 0.931802 0.561528 -0.229761 -1.453648 1.612190 1.217240 -0.180382 1.063308 -1.060095 -0.261879 -1.565854 0.567565 -1.404126 -0.010768 -0.599440 0.900587 0.726216 0.552176 -0.561418 0.348986 -0.326964 -0.628962 -1.429071 0.849422 0.566755 0.451759 0.185609 -1.634752 0.440751 0.041021 -1.223751 -1.082185 -0.031213 0.238237 0.171410
28 1.069842 -0.944962 0.109122 -0.780555 -0.639664 -0.747428 0.967482 -0.184614 0.584756 -0.783339 -0.940454 -1.094143 -0.213181 -1.090231 0.825209 1.368195 -0.000850 -0.551194 -1.166422 0.141092 0.657780 -0.034325 0.825553 -0.450012 0.828418 -0.385023 0.046659 -0.300882 -0.124396 1.038321 1.493951 -0.383858 0.337558 -1.262926 0.797072 0.276204 0.478799 -1.683934 -0.889047 -0.464653 -0.429072 0.252589 -0.285067 0.215147 0.953422 0.752031 0.937860 -0.684558 -0.728256 0.733905
42 -0.120492 -0.987989 0.654824 -0.375072 -0.782024 -1.377427 0.723943 -1.028033 1.525043 0.552089 -0.520798 -0.545060 0.504885 0.254520 -0.521068 1.220805 -0.181612 -0.206634 -0.857192 0.989465 1.794516 0.105210 1.202081 -0.550787 0.401774 -0.320541 -0.560328 -1.246014 -0.417763 -0.833301 0.689251 0.330359 -0.760727 -0.811806 0.487730 -1.016330 -0.266828 -2.072656 -0.043909 0.216386 1.334994 -0.144441 -0.662531 0.195400 0.222475 -0.527105 0.842254 -0.962294 0.724531 -0.886634
29 1.464326 -0.300795 0.267461 -0.571857 -0.963828 -0.893660 1.372981 -1.503039 0.280978 -1.978382 -1.233602 -0.051023 -0.705516 -1.054538 0.097623 0.893360 0.555547 -0.258072 -1.233074 0.464108 0.722881 -0.646911 1.077283 -0.635359 0.120932 -0.710443 1.141808 -0.217803 0.030564 0.751740 0.888343 -0.322472 0.807030 -1.360576 -0.121119 0.772540 0.146383 -0.334892 0.277743 -1.159280 -0.250170 0.794983 -0.118095 -0.351704 -0.643391 0.934447 -0.104238 -0.614930 -0.261855 0.996713
47 -1.487483 -0.774028 0.968473 -1.133151 0.399963 -0.580339 1.665934 -0.741300 1.451580 0.367275 0.964406 -0.958729 0.668334 0.517222 -0.691000 1.032235 0.608741 0.108096 0.024989 0.885262 1.243115 -0.497232 0.319386 -0.284916 0.068166 -1.230172 -0.236275 -0.430261 0.437770 -0.465871 0.739404 -0.586931 0.197250 -1.760745 0.240304 -0.147887 -0.361851 -1.267083 -0.125181 0.271978 1.140102 -0.698126 0.288136 0.149137 0.193934 -0.246338 -0.210334 -1.502539 -0.396298 -1.036820
53 -1.349420 -0.966682 0.609567 -0.975633 -0.417509 0.337361 -0.308023 0.543688 -0.116852 -1.127460 0.006078 -0.716430 -0.514523 0.867784 -0.573406 0.203256 0.692935 0.630526 -0.473099 1.917602 1.060312 -0.932978 -0.672383 -0.873675 -0.728641 -0.713869 0.849147 -0.409238 0.673569 -0.832369 0.676596 -0.888007 -0.161880 -0.647262 -1.800068 0.884329 -0.452483 0.235457 0.279654 -0.467763 0.885163 -0.127686 -0.619586 0.487933 -0.922921 -0.385087 0.277881 -1.223495 1.231569 -0.007379
63 -0.591950 -0.544815 0.532928 -0.360393 0.959417 -0.161035 -0.110310 1.261562 -0.003055 0.336903 -0.580650 0.526454 -0.963350 1.267210 -1.643759 -0.100122 0.374730 -1.017084 -0.995380 0.603306 0.683575 -0.934359 -0.863680 -0.086826 0.011921 -0.598505 0.268323 -0.276983 -0.394851 -0.378648 0.900119 0.122624 -0.629634 -0.483946 -0.321293 0.867530 -0.559810 0.227812 -1.002787 -1.745496 -0.458398 0.638599 -0.868317 1.347759 -0.005648 -1.499541 -0.462716 -0.575483 -0.157051 -0.846611
46 -0.209919 -0.658881 0.182585 -0.029588 -0.814848 -0.726303 0.227849 -0.866897 0.435224 -1.304392 0.033237 -0.912563 0.418904 1.092601 -0.896836 0.298104 0.958081 0.006678 -0.637683 1.776177 2.068843 -0.165683 0.336944 -0.107214 -0.210900 -0.717300 -0.319643 -0.778807 -0.167880 -0.447201 0.093759 -0.164266 -0.090171 -1.460347 -0.851853 0.066822 -0.750861 -0.646341 0.759417 0.417957 0.761058 0.329156 -1.454448 -0.523486 -1.347308 -0.548942 -0.913049 -1.122711 0.501630 -0.686552
79 -0.244476 0.500177 0.795603 -1.381083 0.198806 -0.144129 -1.060355 -0.371341 -0.561955 -0.077030 -0.657049 -0.498107 0.315908 -0.206484 0.752855 -1.007351 0.428921 0.390747 -0.219757 -1.329135 0.878813 -0.132369 -0.532501 0.643867 -1.448154 -0.355358 0.159207 0.470568 0.323149 1.309864 0.330362 0.301995 -0.426040 0.257590 -0.529173 -1.328284 -0.251936 -0.428740 -0.247735 -1.379218 -0.152298 0.137861 -0.715529 1.783728 -0.085841 -0.852596 -0.404468 -0.169133 0.005258 -1.431977
37 0.650445 0.150008 -0.285880 -0.560672 -0.839342 -0.680246 1.382205 -0.387231 1.271787 -0.442207 -0.141789 0.214062 0.567916 -0.142356 1.080424 1.036387 1.333991 -0.147103 -1.346086 1.118925 1.296647 0.033136 1.524276 -1.464447 -0.009565 -1.342825 0.414455 -0.500526 -0.168606 -0.088695 0.854966 0.575887 -1.178648 -1.656157 1.105851 0.145770 -0.050032 -1.074679 0.308560 0.181357 0.401124 -0.311986 -0.610785 0.616635 0.342084 -0.249285 0.899311 -0.652093 1.150521 -0.215170
68 0.191634 -0.024120 0.578236 -0.267099 0.866383 0.113574 0.141021 1.024323 0.353515 0.636317 -0.508555 0.364261 0.019462 0.902473 -0.625087 -1.215173 -0.574136 -0.750141 -0.101552 0.108691 0.882420 -1.098793 -0.016798 -0.736955 0.480124 -0.262510 -0.040703 0.220378 0.580376 -0.522437 0.790865 0.554759 -0.698784 -0.915282 -1.029915 1.033364 -0.507430 -0.036884 -0.375074 -2.078160 -0.450030 0.978525 -0.404677 0.988053 0.274950 -1.455717 -0.472354 0.143113 -0.323517 -1.642698
58 -0.429765 -0.734042 -0.209715 0.059047 -0.191477 -0.327592 -1.036097 1.383098 -0.162659 -0.293927 -0.367604 -0.234012 -0.395973 1.355467 -1.695083 0.434578 1.004947 -0.239188 -0.801151 1.372944 1.193618 -0.661434 -1.208348 -0.792349 -1.124612 -0.004407 -0.395203 -0.676472 -0.311294 -0.002272 1.076967 -0.307287 -0.381132 -0.625899 -0.656711 0.624774 -0.207628 0.583843 -0.338929 -0.957024 0.798735 0.054356 -1.303947 0.582577 -0.237007 -1.165379 -0.361384 -1.242897 0.717828 -0.900319
77 -0.055050 0.088964 0.767863 -1.149749 0.183523 -0.443935 -0.489828 0.332602 0.032593 -0.612194 -0.594706 -0.261830 0.092834 0.274257 1.039728 -1.954854 -0.105099 0.665477 -0.436542 -0.921629 0.089208 -0.820308 -0.968989 0.703877 -0.259725 -0.034998 0.249797 0.655930 -0.106540 0.842801 0.109528 0.466119 -0.422242 -0.871450 -1.057444 -1.449765 0.155104 0.045090 0.045415 -1.318837 -0.032514 0.048285 -0.873289 1.393885 -0.009424 -1.101352 0.024530 -0.512053 -0.281429 -1.938935
73 -0.129701 0.607680 0.024344 -0.369781 0.434003 -0.485014 -0.258591 1.185977 -0.130109 0.736489 -0.883464 0.120992 -0.071295 0.525700 -0.024975 -2.346862 -0.012772 -0.132313 0.310846 -0.045939 0.654397 -1.067608 1.154121 -1.042487 0.352628 0.016803 -0.102666 0.170177 1.084407 1.033209 0.466842 0.841204 -1.053187 -0.701786 -0.777181 -0.269518 -1.110862 -0.229986 -0.091200 -1.487081 -0.261773 0.402509 0.214613 1.152871 0.091556 -0.741975 -0.369536 -0.890418 -0.351753 -1.763402
61 -0.901760 -0.813951 -0.274854 0.713572 0.769118 -1.178500 0.242932 0.969794 0.365250 0.635150 -0.656835 0.691442 -0.833992 1.140129 -2.108001 -0.103909 0.692044 -0.439989 0.078371 0.285917 0.620551 -0.924365 -0.439181 -1.294330 -0.177689 -0.779574 -0.048546 0.075863 0.705809 -0.214580 1.351641 0.145540 -1.112417 -0.754147 -1.159662 0.078981 0.576968 -0.061974 -0.847316 -0.996804 0.010455 0.424133 0.028201 0.711045 -0.112747 -1.314017 0.155017 -0.689536 -0.268886 -1.040133
32 1.701497 -0.088601 0.135216 -0.385566 -1.141572 -0.975187 1.324261 -0.697399 0.832355 -1.793034 -0.858971 0.428320 0.563003 -0.581709 -0.041983 0.855458 1.037172 -0.040212 -0.801815 0.979877 0.784589 0.143856 1.174014 -1.011622 0.482393 -0.744639 0.788374 -0.717008 -0.081746 -0.395598 0.495386 0.674316 0.203860 -0.931093 1.481396 0.526370 0.564957 -1.200959 0.028831 -0.851523 -0.007267 -0.052621 -0.455156 1.196774 0.435945 1.187356 -0.619565 -0.324105 1.184230 0.116952
44 0.020070 -0.391001 -0.124579 -0.314656 -0.772485 -0.896315 0.986071 -0.541816 1.217392 -1.073916 0.962305 -0.464854 1.240216 0.350434 -0.867653 0.500144 0.795713 -0.444378 -0.119187 1.861137 1.350390 -0.397664 0.800670 -0.446578 0.286701 -1.231028 -0.236681 -1.301216 0.505676 -0.865445 0.073627 0.249801 -0.588900 -1.213760 -0.132695 0.681274 0.202727 -1.826196 0.396749 0.265596 0.518912 -0.278180 -1.443615 1.180916 -0.094328 -0.501490 -0.809578 -0.583186 0.665841 -0.688024
81 -0.356202 0.284161 0.466248 -0.401179 0.082558 -0.704360 -0.859080 0.144885 -0.969049 0.073190 -0.433689 -0.429345 0.575822 -0.536505 0.093166 -1.791208 -0.120533 1.101686 -0.163812 -0.762628 0.486196 0.914475 -0.423484 0.650404 -1.294141 -0.840727 0.506901 0.335949 1.189429 1.730204 0.346227 0.907466 0.069406 -0.246846 -0.515443 -1.409643 -0.116007 -0.683093 0.049478 -0.966410 0.464538 0.525245 -0.261173 1.882539 -0.771999 -0.346433 -0.253805 -0.278146 -0.191497 -1.250154
30 1.436658 -0.766306 0.275595 -0.654464 -0.373288 -0.997131 2.021084 -1.262462 0.701060 -0.031767 -1.682938 0.320684 0.634613 -0.089795 0.204382 2.068179 -0.151831 0.176840 -1.537621 0.651110 0.586996 0.577613 1.229745 -0.850035 0.171240 0.124131 0.392238 -0.505179 -0.447771 0.527516 0.699483 0.298230 -0.465301 -1.129431 0.835834 -0.278399 0.336438 -1.325670 0.275005 -0.885543 -0.286251 -0.187980 -0.061521 0.472890 1.150966 0.698091 0.148610 -1.702452 0.321138 0.394177
54 -1.751090 -1.570487 -0.001847 0.003240 0.764048 -0.437358 0.140374 0.566277 0.440126 0.480989 -0.377867 -0.166862 0.103048 0.393048 -1.558918 0.280230 0.677477 0.246652 0.244664 0.917422 1.118119 -0.696967 0.155677 -0.888968 -0.449061 -0.980013 -0.102947 -0.684498 1.320847 -1.274803 1.412527 -0.298499 -0.385611 0.233269 0.080814 -0.117035 -0.398172 -0.838773 -0.716238 -0.271113 1.792256 -0.531772 0.000896 0.723004 0.292258 -0.751914 0.047941 -1.696495 0.478063 -1.006202
51 -1.463608 -0.532072 -0.543276 -0.790651 0.662617 -0.425120 -0.373407 0.305381 0.620806 -1.557272 0.167604 -0.907513 0.362428 0.998021 -1.309526 0.229364 0.879489 0.576294 -1.067715 1.742570 1.090540 -1.063627 0.012681 -0.595434 -0.275010 -1.101173 0.214481 -1.140657 -0.104790 -1.656198 0.561680 -0.716195 -0.164751 -0.221948 0.084016 0.351851 -0.642679 -0.684151 -0.086963 -0.332203 0.358849 -0.125672 -1.211540 -0.076628 -0.875288 -0.829821 -0.692730 -0.918720 0.169500 -1.211726
75 -0.200101 0.449647 0.486914 -1.156091 0.912047 0.051411 -0.240772 0.907137 -0.242048 -0.375687 -1.296940 -0.444898 0.279385 0.297659 0.254434 -1.832325 -0.157489 -0.544016 0.009400 -1.021425 1.012260 -1.718863 -0.152710 0.444446 -0.006911 -0.325169 -0.355421 0.157656 -0.176075 0.330330 0.066246 0.192012 -1.058933 -0.310956 -0.470677 -0.216451 -1.046096 -0.419718 -0.024566 -1.579692 -0.470058 0.184606 -0.899234 1.447606 0.007234 -0.881635 -0.444178 -0.375035 -0.018541 -1.982188
78 -0.522482 1.082751 0.024162 -0.664575 0.856023 -0.723059 -0.592507 0.695420 -0.572719 -0.030942 -1.112283 -1.038085 0.545544 -0.220755 -0.165281 -1.681390 0.248092 0.689120 0.359880 -0.917141 0.962445 -0.033872 0.968135 -0.054287 -0.504906 -0.378421 -0.047140 -0.390831 1.241137 1.519702 0.807876 0.752785 -0.736061 -0.015243 -0.325092 -0.835679 -1.124509 -0.179604 0.364548 -1.469197 -0.131481 0.270998 0.400538 1.378619 -0.084065 -0.428410 -0.358814 -0.508853 -0.366521 -1.580966
56 -0.895037 -0.960487 0.048952 0.250021 -0.207334 -1.256628 -0.027676 1.106743 -0.030658 -0.586624 0.218546 -0.103391 0.248482 1.149804 -1.766368 0.006621 0.542541 -0.637202 0.740066 0.949643 0.852300 -1.703954 -0.970985 -0.713093 -0.163796 -0.718331 0.374434 -0.684814 0.428673 -1.543676 1.452345 -0.070705 -1.002881 -0.507837 -0.226801 0.709624 0.612525 -0.429336 -0.350316 -0.838954 0.666909 -0.526777 -0.697448 1.485505 -0.458003 -0.605523 -1.006092 -0.451341 0.722814 -0.537097
49 -1.829583 -0.662471 -0.788765 -0.336452 -0.317391 -0.961630 1.028456 -0.442446 0.335620 -0.084097 0.326091 0.245320 0.742297 0.803075 -0.601382 0.360005 1.353478 0.563449 -0.493762 1.072115 1.480219 -1.015372 0.455899 -1.317495 -0.150226 -1.032733 -0.053557 0.047647 0.141201 -1.138396 0.387367 0.181382 -1.218666 -1.585526 -0.141096 0.326261 0.176411 -1.208911 -0.280221 0.432906 0.439443 -0.515936 0.221019 0.247998 -0.447861 -0.974273 0.140926 -1.584850 1.065947 -1.031775
26 1.320289 -0.397105 0.097971 -0.477562 -1.184091 0.313292 2.008271 -0.086685 0.196659 -0.994589 -1.751443 0.220003 0.301304 -1.283503 0.970964 0.273436 -0.155173 -0.522550 -1.477169 0.138279 0.609116 0.455940 0.689253 -0.264268 0.529930 -0.142379 -0.135076 -0.432585 -0.097536 0.291619 2.434795 -0.451149 0.622909 -0.766359 0.192952 0.072027 0.219073 -0.171275 -0.951242 -0.200273 -0.307864 0.372838 0.013849 -1.061081 0.020407 0.598212 -0.245759 -1.436480 -0.755910 1.369482
84 -0.097980 0.194187 0.906619 -0.667905 0.245887 -0.554593 -0.593115 -0.951063 0.094344 0.105603 1.189288 -0.387313 0.724002 -1.036409 -0.259107 -2.395886 0.629583 0.619711 -0.986143 -1.635357 0.379499 1.003580 -0.771580 0.741963 -1.069636 -0.545296 -0.303014 1.031613 -0.127714 0.193130 0.335301 -0.511159 0.096461 0.503726 -0.019475 -0.621979 0.372878 0.292359 -0.222834 -1.531285 -0.095911 -0.053071 -0.709973 1.739023 -0.399498 -0.643232 0.390792 -0.358643 1.058309 -0.835312
83 -0.819493 0.168544 -0.108437 -0.714920 0.415362 -0.573306 -1.228074 -0.287757 -0.661542 0.541789 0.575996 -0.939938 0.944119 -1.329813 -0.087446 -1.843618 0.932889 -0.077332 -0.593714 -1.288988 0.639970 1.605957 0.057334 0.763832 -1.041645 -0.411285 0.133622 0.004519 1.617010 0.853336 0.591239 0.557447 -0.350495 -0.079544 0.386907 -0.085908 -0.453334 0.371607 -0.251866 -1.744768 -0.933070 -0.138147 -0.253466 0.652509 -0.986722 -0.543450 0.216286 -0.595139 0.127146 -1.471018
80 -0.445993 0.062912 -0.534191 -0.528262 0.487111 -0.755335 -0.966799 0.207884 -0.426924 -0.222642 -0.540383 -1.320480 1.068935 -0.107011 0.351499 -2.290541 -0.297191 0.059982 -0.270504 -1.291181 0.375507 -0.549957 -0.372151 0.637693 0.526570 -0.037448 0.229117 0.434915 0.655426 0.571711 0.809350 0.693870 -0.853660 -0.733723 -0.360653 -0.211165 -0.716699 -0.404893 0.254362 -2.513288 0.014585 -0.128476 0.336772 1.483701 -0.554548 -0.873013 -0.203275 -0.138495 0.542739 -1.290213
TRACK_START 0.016112 -0.134924 0.386345 -0.193593 0.014552 -0.131739 0.016846 0.141903 0.108398 0.008627 -0.387584 -0.236122 -0.180385 0.130793 -0.272009 -0.019959 0.281785 0.157342 -0.204451 0.167157 0.573503 -0.016608 -0.090545 -0.210384 -0.201479 -0.354564 0.111545 -0.123567 0.282955 0.074648 0.257739 -0.098345 -0.096055 -0.409580 -0.397280 -0.013592 -0.168020 -0.296780 -0.078378 -0.399237 0.020741 0.146273 -0.306188 0.285150 0.014810 -0.265994 -0.151380 -0.283083 -0.196846 -0.426913
27 1.859456 -0.196481 -0.309436 0.478273 0.118081 -1.206263 1.437006 -1.403980 -0.176855 -1.604076 -0.865950 0.054230 0.394347 -1.138873 0.842899 0.657904 1.194121 0.430746 -1.896690 1.653708 0.668742 -0.770544 1.335829 -0.322861 0.291939 -0.464492 0.327345 -0.006540 0.233037 -0.023457 1.730937 0.268821 1.003509 -0.491631 0.952313 0.022437 0.327917 -0.364583 0.189876 -0.691802 -0.638434 0.719454 -1.130059 -0.925519 0.534964 0.622489 -0.026896 0.171395 0.248927 -0.073888
86 -0.622019 -0.188571 0.560645 -0.922252 0.435193 -0.405711 -0.351871 0.105428 -0.352476 0.393522 -0.085059 -0.399933 0.676376 -0.012930 0.389743 -1.553658 0.617309 0.205660 0.355832 -0.724293 0.240331 1.505430 -0.436687 0.831354 -1.462158 -1.157457 0.125783 -0.084574 -0.029391 0.837127 0.037105 0.332674 -0.320696 0.180281 0.067705 -1.772782 -0.126280 0.609853 0.301160 -1.387258 0.010160 -1.128555 -0.874626 2.071595 -0.919111 -0.031864 0.051418 0.332309 -0.602482 0.332179
82 -0.381537 0.291071 -0.449279 -0.706613 0.502558 -0.071564 -0.472476 -0.410593 -0.053312 -0.185817 -1.020870 -0.282653 0.984645 -0.260018 -0.436552 -2.438934 -0.232370 -0.017065 -1.455199 -1.181805 -0.139013 0.175958 -1.171802 0.616953 -0.784491 -0.657427 -0.428495 0.403450 0.346726 1.497185 -0.207629 0.465942 -0.591726 -0.778910 -0.269289 -0.916405 -1.049590 0.028503 -0.016822 -1.032342 0.904514 -0.695746 -0.957696 1.924040 -0.009503 -0.797687 -0.029500 -0.431050 0.368852 -0.606777
24 2.078638 -0.186002 -0.042084 0.513376 -0.657866 0.752320 0.349667 -0.824387 -0.076378 -0.348882 -1.470990 -0.790520 0.379177 -0.640528 -0.131925 0.438556 1.283989 0.074009 -1.693916 0.423955 0.854683 -1.091439 1.438740 0.995263 1.056224 -1.202997 0.803259 0.328062 0.102281 0.826689 1.568907 -0.749348 1.233693 -0.320763 -0.427337 0.275748 0.956494 -0.047387 -1.168335 0.433049 -0.556643 0.165451 -0.272737 -0.279463 0.046637 0.648435 -1.213948 -0.866866 -0.753877 1.348644
85 -0.570658 -0.350215 -0.872413 -0.794814 0.155116 -1.668037 -0.913669 -0.548989 -0.575348 0.886428 -0.202259 -0.724230 0.660515 -0.431813 -0.373565 -2.722938 -0.497816 -0.153971 -0.348218 -0.683439 -0.440906 0.948002 0.291279 -0.128239 -0.104088 -0.206301 -0.125330 0.340035 0.425709 0.982380 0.597441 0.778732 -0.381738 -0.237091 -0.112568 -0.732106 -0.606784 0.509383 0.718549 -1.603420 -0.107702 -0.960731 0.788127 1.048806 -1.073789 -0.390499 -0.188113 -0.679373 0.399387 -0.358476
88 -0.050568 -0.501960 -0.235319 -0.560985 0.036089 -1.054620 -0.320463 -0.454309 -0.524354 1.630569 -0.027541 -1.411800 0.675723 -0.572987 -0.049960 -1.478523 -0.429222 0.871225 0.151329 -0.299755 0.329795 1.663168 -0.603494 0.087156 -1.338491 -1.204653 0.889100 0.305021 -0.116796 0.283797 -0.044482 -0.039572 -0.472638 0.539577 -0.268637 -0.991422 0.473002 0.429097 0.552621 -1.184080 -0.898363 -0.470007 0.288427 1.281234 -1.574421 0.181770 -0.301169 0.658721 -0.319845 -0.406824
89 -0.111437 -0.723520 -0.317991 -0.803565 -0.355861 -0.504828 -0.980890 0.164425 0.302079 0.860102 -0.075846 -0.746272 0.765883 -0.009439 0.341056 -2.255065 -0.401891 -0.207189 -0.660641 -0.681390 -0.782328 0.835999 -0.573734 -0.322247 -1.174528 -1.031349 -0.388577 1.470534 -1.040074 -0.200766 -0.037193 0.250223 0.553077 -0.123768 -0.673152 -1.154733 0.537140 -0.007674 0.493687 -0.826675 -0.076492 -1.387115 -0.765475 1.321224 -1.429157 -0.321878 0.168759 0.707495 -0.233039 0.207308
91 -0.234954 0.157658 -0.505673 -0.312757 -0.062337 0.824748 -0.426155 -0.584930 0.642201 1.305688 0.346887 0.068772 0.313062 -0.218944 0.258846 -1.006559 0.637380 1.290193 -0.420778 -1.447266 0.129884 0.468971 -0.604862 -0.114884 -2.324460 -0.721488 -0.583459 0.078800 -0.830179 -0.237122 0.119129 -0.479568 -0.181158 0.853263 0.000844 -1.166987 0.096404 -0.221946 0.407795 -1.869889 -0.667439 -0.651760 -0.523899 0.799487 -2.084854 0.162412 -0.159407 1.207041 -0.246294 0.329693
25 0.846199 0.349841 -0.650440 -0.279604 -0.032967 0.106193 1.986595 -0.658939 -0.304917 -0.508894 -1.090576 0.821236 1.652211 -0.529285 0.885444 1.672586 0.370633 0.173955 -1.634612 1.446212 0.788771 -0.507109 1.629225 0.285569 0.662005 -0.556771 0.134451 0.233398 -0.351002 0.678377 1.041016 0.644706 0.226954 -1.291554 1.008857 0.138381 1.938517 -0.232963 -0.943191 0.398938 -0.249511 0.169255 -0.394224 0.250248 0.900178 0.707077 0.669545 0.016661 0.302845 0.372407
87 -0.276371 0.002669 -0.653851 -1.041968 0.991422 -0.256029 -0.444346 -0.797570 -0.585083 0.885748 -0.841636 -0.654046 0.875694 -0.139467 -0.384668 -2.064246 -0.410980 -0.600300 -0.320589 -1.287589 -0.088848 -0.084402 -1.042051 0.294818 -0.791685 -1.388579 -0.503146 -0.016223 -0.842310 0.216218 -0.253436 0.205076 -0.692135 0.006548 0.365855 -0.024527 -1.084429 0.406428 0.555754 -1.644943 -0.010106 -1.427481 -0.411626 1.244581 -1.019231 -0.431689 -0.273366 0.575010 0.368697 0.343636
96 0.646062 -0.137118 -0.904499 0.804326 -0.466298 1.624498 0.485356 -0.328875 0.479246 1.512273 0.448600 -1.565525 0.694310 -0.191278 -0.401418 -1.651326 0.716897 1.129775 -0.438789 -0.459102 -0.266275 0.074054 -0.997960 -0.079434 -0.931800 -0.645334 0.345745 1.040038 -0.684949 -0.429434 -1.756797 -0.498370 1.426704 0.979774 -0.480000 -0.717726 0.152019 -0.678839 -0.644095 -1.459097 -0.335255 -0.619376 -0.230661 1.223945 -0.169330 -0.762955 -0.487280 0.220434 0.246559 1.151041
23 2.485866 -0.518347 0.881583 0.045540 0.630897 -0.660658 1.157711 -0.446233 -0.312063 0.245804 -0.947656 -1.184931 0.941459 0.073201 1.247262 1.125503 -0.062125 -0.313720 -1.977223 0.384345 0.081638 -0.502577 1.378671 0.609715 0.798477 -0.096385 -1.168816 -0.896978 0.585011 0.513533 1.566933 -1.096612 -0.444003 -0.985970 1.109470 0.447018 0.885728 1.091130 -0.594913 1.084302 -0.108177 -0.509440 0.207213 -0.630717 1.652229 0.727643 0.009145 -0.870077 -0.217932 0.800900
93 -0.191969 -0.744637 0.014929 0.483482 -0.569508 -0.491579 0.778656 0.500807 -0.638778 1.189638 0.439902 -0.792518 -0.047350 -0.329149 -0.455761 -1.799837 0.332979 0.510226 0.143198 0.317184 -0.757871 1.236011 -0.699048 0.436566 -1.758363 -0.822595 0.433613 0.501856 0.028756 -0.110648 -1.122352 0.572473 0.712354 0.159399 -0.020897 -1.896192 0.146937 -0.832977 0.306312 -1.837128 -0.808043 -0.723343 -0.378131 0.498646 -1.636977 0.714160 0.825257 0.508104 -0.488204 0.404001
90 -0.403957 0.016999 -1.196752 -0.469367 0.558819 -0.502456 -0.699386 0.489212 0.012230 1.417582 -0.422235 -1.168881 0.289334 0.089872 -0.896229 -2.139853 0.245095 0.644293 -0.616427 -0.742750 -0.550898 1.287868 0.449861 -0.137094 -1.383975 -1.126552 -0.256107 -0.843705 0.457402 -0.163748 -0.211998 0.549079 -0.433254 0.842027 0.465614 -0.639796 -1.142056 0.216047 0.442130 -0.915610 -1.135222 -1.365140 0.606262 0.494747 -1.329721 0.567521 -0.148678 0.745679 -0.126971 0.270561
1 -0.567718 2.422892 1.849986 -0.749352 0.471512 0.451587 -1.087863 0.778830 -0.150830 -0.346954 1.601560 0.855934 0.907146 -1.890756 -0.829001 2.206432 -0.857258 -1.833910 1.044151 0.258523 -0.587166 1.111503 0.149977 -2.626768 0.684485 0.748777 0.972410 0.267837 -0.243188 0.450125 -1.724794 -1.158044 -0.942115 -0.299572 0.368881 0.743161 0.377510 1.555892 0.797529 0.791014 1.193814 -0.303323 -0.624617 -0.144636 0.632316 -0.599380 -0.150881 -0.954475 -1.487917 -1.573367
95 -0.168738 -0.329904 -1.079038 0.129297 -0.088123 0.740147 -0.007608 -0.807352 0.017949 2.000948 1.521922 -0.757103 0.654612 -0.618287 -0.137824 -1.251137 0.697248 -0.623010 0.181961 0.898197 -0.292713 0.758115 -0.525381 0.332714 -1.929774 -0.694534 0.830141 0.430675 0.260971 0.199237 -0.537553 -0.071998 -0.155471 1.460077 0.156614 -0.850539 -0.929549 -0.792209 -0.275493 -2.098209 -0.858421 -0.871944 0.016607 -0.196647 -1.081565 0.271321 -0.027670 1.344325 -0.204681 -0.127333
92 -0.405258 0.488492 -1.274036 -0.544418 -0.792053 -0.234094 -0.462041 0.251266 -0.142085 1.466485 0.143225 -1.106073 0.872916 -0.131560 -0.654642 -1.902970 -0.765757 -0.168910 -0.163178 -0.268340 -1.041948 0.406857 -0.341422 -0.700344 -0.282222 -0.073194 -0.543533 0.719385 -0.655792 -0.603907 0.132939 0.422902 -0.105955 -0.095366 0.247274 -0.478995 -1.022011 -0.520195 1.075505 -2.146177 -0.939313 -1.550164 0.023477 0.241241 -1.306273 -0.299094 -0.300201 1.417516 0.126790 0.260292
94 0.008958 0.001682 -0.927311 0.659723 -0.073762 0.329763 -0.461335 -0.177791 -0.139405 1.028001 0.253884 -0.198853 0.649893 0.344886 -0.429023 -1.859651 0.153111 0.010235 -0.671058 -0.157717 -1.356474 -0.272262 -0.353475 -0.345057 -1.064522 -0.370070 -0.727621 1.063195 -0.670422 0.001768 -1.167089 0.138545 -0.231318 -0.162734 -0.002468 -1.343759 -1.110266 -0.746367 0.441531 -1.455830 0.388677 -1.653818 -1.039832 0.852490 -0.934831 -0.216647 0.385616 0.734733 -0.423159 1.041238
98 -0.349411 0.000746 -0.315946 0.706097 0.289630 0.497730 0.563496 0.690651 0.636870 1.051440 1.835383 -0.045565 0.666684 0.797573 0.089743 -1.026346 0.196165 0.312309 0.070023 0.049593 -1.075885 1.490875 -0.002840 0.280404 -2.270350 0.228741 0.905979 1.355490 -0.736197 0.196291 -0.752460 -0.371755 -0.315578 0.543040 -0.376822 -1.740586 -0.457194 -0.762358 -0.084139 -1.380178 -0.101550 -0.164863 -0.403485 0.225193 -0.454047 0.333760 0.393387 0.272974 -0.069723 1.767573
21 1.452453 -0.141250 -0.180575 0.468035 0.496331 0.389828 0.001683 0.197704 -0.805421 -0.277552 -1.245320 -0.312553 0.077835 0.180169 2.278301 0.426522 0.307407 -1.630329 -0.307195 0.482185 1.117987 0.416683 1.341566 0.935004 0.955728 -1.139753 -0.914661 0.917624 -0.291654 0.572588 2.042580 -1.257584 -0.478938 -0.590591 0.909951 0.270704 1.174541 -0.029983 -1.077646 1.147638 0.508459 0.390683 -0.005037 -1.382448 0.467450 0.466443 0.193706 0.446413 0.101974 1.393273
22 1.902945 0.447026 -0.516978 1.505921 -0.622967 -0.569438 0.181841 -1.788730 0.839369 -0.506167 -0.699485 0.560846 0.261501 0.890664 0.692642 1.200066 0.360762 -0.711358 -0.777767 1.468189 0.945012 -0.043896 1.488767 1.105836 1.673449 1.024859 -0.147680 0.261183 -0.239384 1.178709 2.525894 -0.337960 0.663080 -0.411777 0.102532 -1.032208 0.757719 1.098831 0.073367 -0.371827 0.613589 0.834043 -0.621013 -0.600917 -0.874724 0.938612 -2.065351 0.124151 0.872463 1.174685
100 -0.536596 0.030293 -1.262789 0.803043 -0.674519 0.510869 1.142805 0.749622 -0.647078 1.886311 0.792209 -1.381638 0.691088 -0.082647 -0.134927 -0.552685 -1.274057 1.027369 0.636921 0.110552 -0.545685 0.982858 -0.718931 -0.228501 -1.702537 0.259860 1.458606 0.680149 -1.079183 0.020240 -1.138943 0.348732 -0.076285 0.816065 0.643887 -0.498690 -0.644702 -0.344418 -0.032264 -0.320342 -0.292164 1.033533 -0.009254 0.126598 -0.800191 -0.638853 0.323952 0.716679 -0.285620 0.959046
99 -0.887892 -0.733669 -0.530990 0.650725 0.329065 0.793255 1.293741 0.448982 0.039683 0.200163 0.675688 -0.672580 -0.396490 -0.019054 0.123467 -1.790114 0.585476 -1.451660 0.667118 -0.756894 -1.134086 1.174151 -1.451940 -0.111155 -1.111770 -0.409377 -0.247370 -0.111832 -0.695267 -0.427508 -1.811664 0.564595 0.330215 1.077923 0.604067 -0.887520 -1.423151 -0.416477 0.934859 -1.137419 -0.751841 -1.320555 -0.846268 0.288089 -0.076412 -0.492649 0.464190 0.596621 0.109773 1.960421
97 -0.018891 -0.198535 -1.708490 1.230966 -0.455208 -0.514949 0.427660 0.087043 -0.084328 1.514696 1.499677 -1.265919 0.054630 0.251400 -0.184195 -2.392596 -0.393465 -0.409321 0.068101 0.280440 -1.094418 -0.490366 0.344787 -0.517762 -1.099918 0.675859 0.101694 0.270453 -0.102449 0.544347 -0.455618 0.216200 -0.005532 0.819666 0.346144 -1.422709 -1.861556 -0.453553 0.526384 -1.434489 -0.120793 -0.596060 0.154488 -0.361567 -0.640955 -0.069942 -0.008153 0.517516 0.947763 0.875457
103 -0.446408 -0.694125 -1.317626 0.072706 -0.544555 0.673123 -0.686956 0.017653 -0.120937 0.177008 0.338189 -0.443436 0.019127 1.158769 0.239071 0.309693 -0.655481 0.033861 -0.200001 -1.214086 -0.841533 1.031574 -0.603983 0.056469 -2.715878 1.106155 0.542975 0.424349 -0.767115 -0.257231 -2.296041 0.288881 0.646165 0.553957 0.700734 -0.376383 -0.492423 -1.747126 -0.775836 -1.484200 0.334322 0.735751 0.835869 -0.331198 -0.256292 -0.676759 0.104336 0.971716 0.003698 1.031557
0 -0.331815 1.992729 1.405242 0.030121 0.337245 1.005131 -0.818581 0.478309 -1.356471 -0.576910 -0.744630 0.883941 -0.626217 -1.131608 -0.842308 2.161826 -0.530047 -1.220291 1.074370 -0.262989 -0.662714 1.758788 -0.894971 -0.025273 1.996546 -0.245117 -0.560157 -0.100752 0.861203 -0.381749 -0.608269 -0.749712 -0.071058 0.085933 -0.131970 0.066754 0.944355 1.245777 0.995843 1.210044 -0.066702 -0.134945 -0.954633 -0.919547 0.303241 -0.981643 0.430767 -1.108216 -0.871928 -1.283015
101 -0.586279 -0.142227 -0.496477 0.861171 -0.221525 -0.093367 -0.121586 0.029493 0.084232 0.500658 0.761784 -0.807085 0.003045 -0.244044 0.642064 -0.915364 -0.971632 -0.281861 -0.200706 -1.017398 -1.743159 -0.143537 -1.084772 -1.258415 -2.077583 0.590019 0.402241 1.234715 -0.943262 -0.186759 -1.508760 0.478703 1.247588 0.414709 -0.024304 -1.094861 -0.718879 -0.442494 0.468751 0.028888 0.604331 0.042617 -0.257298 0.125082 -0.357659 -1.135169 0.332889 0.768041 -0.368684 1.355717
20 0.918606 -0.733668 0.188020 0.343162 -1.670637 0.238956 0.308707 0.359850 -1.927447 -1.001831 -0.347706 0.550662 1.297472 0.621598 1.797946 2.339381 2.383369 -2.244726 0.488943 0.688249 -0.195415 -0.264485 1.985963 1.443212 0.940693 0.452368 -0.605403 -0.038961 1.186490 -1.151317 0.393161 1.561935 1.241354 -0.446875 1.110916 0.822653 1.867275 0.523030 -0.477914 0.793595 -1.304367 -1.907932 -1.064262 0.865388 -0.014297 0.775434 -1.765724 -0.037535 0.393229 0.231713
108 -0.284882 1.155425 -1.092266 -0.557875 -1.020576 0.907445 -0.196766 1.577454 1.116238 0.098479 1.267656 0.348627 -0.521399 0.677935 -0.904458 -1.535174 0.254077 1.211060 -0.586845 -1.114221 -0.687571 0.341462 0.230240 0.810248 -1.417758 -0.608737 0.684609 0.021103 -0.543979 -0.878743 -1.823303 1.076728 1.324191 1.089918 0.730263 -0.287241 -0.523005 0.439470 -1.732897 1.900543 -0.168002 0.005963 1.946180 -0.562935 1.139761 -0.806049 0.158111 1.433512 0.853482 0.894276
105 -0.044079 -1.401543 -0.285579 1.305260 -1.139912 -0.059808 1.028643 1.669613 -0.656986 0.662431 1.080112 -1.040894 -0.367314 -0.246970 0.480449 -1.407472 -0.719700 0.849043 0.716879 -0.342358 -0.240517 0.266501 -0.876636 0.882287 -2.223254 0.201669 0.712932 -0.164618 -0.529376 -0.955846 -1.826122 1.292341 1.086842 0.763642 1.149643 -0.589682 -0.647955 -0.167875 0.113898 -0.212469 0.105726 1.330434 0.640516 -0.691410 -0.636700 0.164910 1.015761 0.429387 0.644026 0.412981
104 -0.942718 0.093889 -0.173114 0.087289 -0.803110 0.440938 0.734200 0.715838 -0.556539 0.383418 0.962280 -1.412823 -0.133396 -0.177278 -0.157308 -0.696018 -0.525824 -0.741434 0.208289 -0.880312 -1.091979 -0.707581 -0.711183 0.617874 0.089489 0.513503 -0.718429 0.010765 -1.017489 -1.281090 -1.973395 1.142441 0.840050 0.166572 0.999401 -1.320373 -1.512174 0.293212 0.449971 -0.760202 -0.806290 -0.652807 1.002933 -1.483492 -0.239554 -0.724498 1.776757 2.297904 -0.456979 0.131960
112 -1.128905 0.236626 -0.544997 -0.139993 0.350412 1.494014 0.385848 2.022125 -0.780539 0.445877 -1.200941 -0.847298 0.720182 -0.748867 0.563591 0.041241 -0.986931 1.217764 0.612849 0.237561 0.764277 0.320221 -0.175267 -1.064535 -0.454652 0.392752 1.082371 0.281474 -1.159398 -1.064542 -2.532743 1.192043 0.286744 1.175468 -0.922594 1.215482 -0.157553 -0.339387 -0.014375 1.142808 0.111465 1.347552 1.452019 -0.674499 0.149360 -0.329525 3.315369 1.563228 1.053796 0.418599
19 1.519927 -0.766063 0.191651 1.010404 0.571091 0.010557 -0.142649 -1.334460 -0.612046 -0.925453 -0.649928 1.617291 -0.078188 -0.485704 1.274794 0.409258 0.399631 -0.880078 0.304862 -0.206029 0.706474 -0.840154 0.133298 1.966183 0.072243 0.175578 -0.719334 1.286578 0.119234 0.696085 1.591636 -0.166863 0.044776 0.932411 -0.389763 1.421661 -0.172686 -0.322843 -0.079918 1.249819 0.488808 1.031755 0.911040 -1.677842 1.597837 0.805563 -0.839283 -1.289751 1.174472 1.416167
102 -0.034624 0.122518 -0.871163 0.395292 -0.084069 0.251622 0.748541 0.633468 -0.505577 0.865120 1.775782 -0.700646 0.766603 -0.063656 -0.547864 0.123965 -1.017154 -1.215195 -0.006258 0.094097 -1.621521 -0.461821 0.696412 0.408824 -2.873943 0.822260 0.139791 0.057308 -0.061104 0.571291 -1.748654 -0.058055 0.623780 0.518996 0.542708 -0.888048 -1.156693 0.835164 -0.349803 -0.416487 0.396203 0.062266 0.867733 -0.465200 -0.678113 0.068849 0.438243 0.888407 -0.183715 0.621984
11 0.901184 0.468269 0.068623 0.434741 1.859227 0.530155 0.142948 -0.733570 0.938063 -0.196236 -0.892105 0.448892 -0.778101 -0.742737 1.231481 0.969840 0.418000 -0.210001 1.086853 -0.421566 -1.777468 -1.095058 -1.178065 -0.196886 1.684291 0.287015 -0.822806 -1.189841 2.380357 -0.294904 -0.411333 -2.015557 -1.350872 0.367281 -0.297226 -0.132049 1.409143 1.433535 1.748719 1.100112 -0.741214 -2.006719 -0.619866 -1.419919 1.290823 0.736390 0.265376 0.537965 -0.649257 -0.846819
12 -0.733216 -0.187688 -0.440937 0.931853 -0.103359 1.628652 0.808636 -2.064127 0.617208 0.646227 -1.237338 0.825747 -1.189058 1.084706 -0.286493 0.532718 1.100712 0.182525 -0.308693 -0.501665 -0.069664 -0.328860 -0.653381 2.974502 3.122993 -0.072261 0.283651 -1.094311 1.350003 0.112741 0.897371 0.674836 -0.620723 0.668730 -0.823384 0.261467 0.199403 0.646334 -0.033525 1.177300 -0.808365 0.210990 0.491246 -0.289676 0.143125 0.854193 0.156522 1.252632 0.809509 0.679915
127 0.409066 0.644347 -0.269451 0.075533 -1.174337 -0.178716 -3.624343 1.081831 0.782468 -0.245445 0.021651 0.932125 -0.327545 0.148747 -1.129208 1.768859 -0.153415 0.583266 0.953517 -0.409028 -1.029406 -0.564108 -0.682190 1.281389 0.941207 2.119393 0.832439 -2.860400 -0.038936 0.479590 -0.098978 -0.149076 -2.271670 1.648216 -1.306030 0.735890 1.282611 1.279889 0.956482 0.332232 0.362451 -0.682617 1.200045 1.326206 1.103854 -0.430474 0.473440 -0.040630 0.166008 0.608601
2 -0.406403 1.641165 1.283308 1.083717 0.260576 0.746116 -0.400397 -0.220248 -2.324578 0.304055 0.310365 0.698160 -2.584450 -0.914945 -0.170840 1.660267 -1.255358 -0.766487 0.666278 -0.580804 -0.800838 -1.112611 0.418910 -0.242494 2.034250 0.188277 -1.046760 -0.208550 0.011335 0.669930 -1.038798 -1.396090 -0.271232 1.097117 1.509477 -0.298618 0.348213 0.353782 0.277854 0.865126 0.372903 -0.132925 -0.347645 0.304538 -0.809871 0.398092 0.255206 -1.632427 -0.231600 -0.447701
17 0.500024 -0.319214 1.133939 -0.919779 0.834309 -0.082888 1.324786 -1.346630 -0.182767 -1.813352 0.553047 0.954486 -0.873032 0.191831 0.780081 1.291881 0.326104 -2.896844 0.498328 0.022076 -1.105851 -2.389104 1.706085 1.934122 0.304008 -1.027635 1.217105 0.437490 0.443916 1.550627 0.417820 0.400843 1.909494 -0.310506 -0.248663 -0.231841 0.406270 2.701430 -0.285594 1.418495 0.778282 0.260189 1.396373 -1.697244 -0.131066 1.158032 -0.832363 -1.273826 0.520177 0.129692
107 -0.298495 -0.465588 -0.228565 0.685008 -0.067387 0.929884 -0.158507 1.384477 0.536217 1.021545 1.518927 -0.413112 0.909096 0.007919 0.700531 -0.176643 -0.262797 0.427830 0.430445 -0.739096 -0.688031 -0.731160 -0.120868 1.248720 -1.471808 0.030353 1.259216 0.423393 -0.602318 -0.679560 -1.342902 1.724629 1.855045 -0.164251 0.968559 0.522318 -0.210872 1.024972 0.180974 0.265824 0.549240 0.476231 1.755900 -1.128079 -0.833286 0.690756 -0.362644 0.999508 0.186925 -0.077493
117 -0.720366 1.122090 0.727844 1.206417 -0.571970 -0.598813 -0.176703 1.439526 -0.986179 -0.550649 0.244368 0.870962 -0.092715 -2.151601 -1.485956 0.999788 -1.601402 0.704394 0.372577 -0.656656 -1.646898 -0.348339 -0.296525 0.046498 -0.925300 1.086782 -0.070184 -0.341356 0.566230 -1.005602 -1.835728 1.235081 1.374532 0.591314 0.764215 0.805022 0.501412 -1.015915 -0.044833 1.671002 -0.220481 1.799834 0.332879 -0.704970 -0.143123 0.570208 1.332913 0.342245 -0.652173 -0.441629
106 -0.200928 -0.941875 -1.160857 1.082072 0.189301 0.697302 -1.359032 0.920746 0.966046 0.232534 0.525887 -0.036321 0.721090 0.229768 0.542318 -0.803464 -0.255925 1.252538 -1.012811 -1.022658 -2.309871 -0.866517 -0.034992 0.194832 -1.442473 1.644702 0.104961 -0.352413 0.326894 -1.748087 -2.211852 0.153483 0.271086 0.324527 0.333637 0.172007 -1.110850 0.268069 0.356403 0.339876 0.398096 -0.971616 0.214026 -0.376233 0.715536 -0.279510 0.683056 0.732780 0.074945 1.425413
14 -0.714805 -0.777449 -0.399053 0.436236 -0.265308 0.914543 0.739277 -1.713601 -0.077032 -0.793266 -2.549141 0.346971 -1.092082 -0.076615 0.694881 0.527859 -0.478626 -2.439123 0.446783 -0.453621 0.999158 1.076041 -1.562169 -0.016961 1.266865 0.391492 0.034180 0.777921 -0.269701 0.723989 1.389145 -0.583470 0.028495 0.662682 1.752423 0.338170 0.446532 1.798064 -0.344744 2.372321 -0.874686 -0.283152 0.098173 -2.089545 -0.438481 1.286037 -1.536370 -0.780934 0.327850 -0.728055
110 -1.072083 -0.991050 -2.028117 -0.264451 0.282766 -0.675868 -0.253593 0.535706 -0.607531 -0.185308 2.049395 0.760214 1.056902 -0.343722 0.453415 -0.270371 -0.898553 0.402911 1.425857 0.338619 -0.782010 -0.475220 0.575404 -0.648680 -1.890333 1.443280 -1.424502 1.270329 -1.751403 -0.187138 -1.066408 0.626770 1.086894 0.195841 -0.413700 1.374148 0.376123 0.517915 -0.695725 1.696085 -0.080680 1.513831 0.119349 -0.744086 -0.067601 -0.451143 0.490233 2.516275 -0.940863 0.973728
109 -0.247727 0.747874 -0.100178 0.702722 0.567395 -0.156209 0.176800 1.412654 1.396257 0.086693 2.580520 0.289058 -0.002941 1.061801 -0.325287 -1.067409 -2.070327 1.316107 -0.466012 -1.555999 -0.764720 0.853454 0.301515 -0.362362 -0.927027 1.188802 -0.937309 1.197961 -1.323836 -1.799004 -0.349903 -1.164718 0.904182 1.264050 0.732510 -0.096887 -0.443597 -0.276654 0.709960 0.369907 0.643014 1.515745 1.667732 -1.046231 -0.634438 0.649897 0.041405 0.772682 1.910337 1.182133
16 -0.634973 -2.854717 -1.728528 0.334104 1.264616 -0.037680 -0.288327 -1.347653 -0.470781 -0.824274 -1.338279 -0.770459 -0.931939 1.024327 2.015447 1.530782 0.174037 -0.778523 0.000267 0.261602 -0.283123 0.727389 0.272710 0.526187 2.676992 1.535560 -0.323374 1.250860 0.025117 1.192438 0.727819 -0.918960 0.054718 0.100101 0.217940 0.021998 0.622974 -0.412708 -0.781290 0.951289 -0.305691 -0.199615 -0.362225 -0.931705 1.610267 0.002929 0.478003 -0.490449 -0.260325 1.399310
15 1.648848 -1.396000 -0.451975 -0.140463 1.063911 -0.219051 0.830322 -2.941733 0.390056 -0.140052 -0.189021 1.298525 -0.465987 -0.035590 0.992786 0.487998 0.179554 -2.183438 -0.295079 -0.380645 -1.185349 -1.276556 0.737668 -0.377621 0.334519 0.549430 -0.339456 1.444881 -0.550471 -1.121786 -0.311612 -1.507697 1.253814 2.165645 0.187387 -0.683464 1.346278 0.144111 -1.679015 -0.000167 -0.283463 -0.499493 -0.429568 -1.738798 -0.023637 -0.095124 -1.103847 2.169158 -0.552037 0.466491
18 1.057582 0.332779 -0.822431 -0.852179 1.066472 0.722765 0.986280 -1.068443 0.155942 0.547666 -0.965730 0.879111 0.203212 0.542219 0.926317 1.035218 -0.897689 -0.109959 -1.319918 1.809302 -0.971647 1.090867 1.146276 0.662833 1.346004 0.866417 0.443622 -1.187656 0.941251 1.246567 1.361081 -0.630053 0.611727 2.154991 0.885842 -1.212016 -0.004475 0.841523 -0.165159 1.110678 1.520134 -0.089446 1.163684 -0.379461 2.661795 0.136332 -0.622196 -0.379567 1.786751 1.385774
111 -1.109688 0.124726 0.556917 0.742125 0.845384 0.498643 0.654039 0.236698 -1.257079 0.613181 0.556227 1.165801 0.335557 1.208110 0.524046 0.473586 -0.335351 -0.525886 0.456396 -1.077755 -0.725198 -2.160007 0.263132 0.425683 -1.813368 1.055819 0.565962 0.533411 -1.576679 -1.472520 -2.175663 0.769409 0.367243 0.330641 0.050697 0.762110 -0.358662 0.741207 -0.121374 2.131281 -0.354861 0.127895 1.025002 -0.963369 -0.992204 0.214437 -0.341449 0.202941 0.571471 0.971015
10 0.415928 1.466774 0.323590 -0.602815 0.447950 -0.042087 0.962388 0.351060 1.090602 -1.720315 -0.513650 1.264127 -1.782056 0.665957 -0.021577 0.539646 -0.284510 0.174259 1.928905 -0.023677 -1.856543 1.803768 -0.378238 -0.561229 3.099338 0.392151 -0.580200 1.479964 -0.745385 -0.943922 0.333272 -1.157759 0.037327 0.554827 -1.291557 -1.097826 1.623119 0.280621 1.843846 -0.176468 -2.591741 -0.684738 0.216153 -0.963527 0.621066 1.938317 -0.956941 -0.131577 0.368899 0.038283
115 -1.222895 0.071055 0.509358 -0.098182 0.115606 0.753857 -0.119485 0.922063 -0.518166 -0.205099 0.105521 1.553815 -0.046184 -1.202525 -0.212892 1.034130 -1.704122 -0.138086 1.298632 -0.673356 -1.112604 -0.066814 0.716937 -0.149577 -0.625475 0.875751 0.805241 0.373539 -0.343366 -1.664623 -2.263420 0.112796 0.813653 1.921951 0.914539 0.377444 -0.057753 0.945496 -0.721083 1.612779 1.220243 0.737609 1.147194 -0.696007 -0.419831 -0.357513 0.566328 -0.153334 -0.587916 -0.203408
113 0.211319 0.092698 -0.108608 0.913594 0.686093 0.003399 -1.839824 0.041701 0.417254 1.068993 0.045687 0.255563 -0.372345 -0.169149 -0.693226 -0.435522 -1.554042 -1.144575 0.837907 -0.527764 -0.243897 -0.747472 -0.439216 -0.410873 -0.837985 -0.230997 0.856575 1.437444 -1.797527 -0.730244 -0.554858 0.840591 0.645339 2.976771 -0.457443 -0.861909 0.759217 0.421884 -1.440032 2.685969 0.173181 0.679548 0.243562 -2.518056 0.535914 -0.725636 1.556028 2.005209 0.423065 -0.077261
9 0.586886 0.369013 -0.113354 0.234355 1.029359 0.832783 0.867643 0.071275 -0.509844 -1.477892 -0.849605 -0.140507 -2.089996 0.701987 0.115946 0.063104 -0.301865 -0.462989 1.871497 -1.033600 -0.492467 0.230274 -0.194234 0.591206 1.215437 -0.606118 -2.765497 -1.860931 0.485603 1.425365 -0.112068 -0.787693 0.093097 1.641095 -1.422518 0.131487 1.373453 -0.297772 1.334649 2.084318 -0.952655 -0.141840 0.248194 0.569631 0.780167 0.378735 -1.274087 0.694426 -0.245298 0.304129
116 0.100211 1.220674 -0.099240 0.670761 -0.612708 1.692687 -1.381174 1.710403 -1.787365 0.048509 -0.329156 -0.316052 0.973409 0.016300 0.887873 0.744254 -1.719861 -1.151752 1.529432 -1.303271 -0.812654 -1.312938 0.496590 0.573131 0.745802 0.524931 -1.012394 1.212951 -0.565592 -1.866830 -2.177435 -0.042978 0.670409 0.341602 0.741877 -0.016928 0.630984 0.121444 -0.971852 0.766045 1.074819 -0.250722 -0.163554 -0.418779 -1.075529 -0.391450 0.330838 2.307048 -0.526950 0.559343
7 0.760712 0.902302 -0.467108 0.276352 0.045622 0.673698 -0.514285 -1.067845 -0.725083 -0.581953 0.910207 1.479128 -1.587246 0.957155 0.818116 0.764840 -1.241886 0.086690 0.691043 0.026379 -1.677481 -0.142894 -1.875412 1.674143 1.586742 -0.001880 -1.211159 -1.345925 0.745237 1.247473 0.504663 -0.851947 -0.554829 0.632288 0.601246 0.533838 1.214910 -0.151918 0.695177 1.322731 -0.387125 -0.131695 0.721219 -1.587713 -0.214766 0.887066 -1.272970 -0.416659 -1.510077 -0.616917
119 -0.233115 0.826313 0.579541 0.927664 -0.861900 0.626264 -2.571469 0.915350 -1.987135 -0.307140 1.346394 0.510474 0.737417 -2.049045 0.714353 0.056476 0.903688 -1.135486 0.719809 -1.572326 -0.703705 1.177955 0.817950 0.640168 0.341670 0.515872 -1.439182 0.854184 0.749003 -1.811248 -0.763316 0.595037 0.049770 0.009998 0.320892 2.677817 1.111961 -0.006078 -0.573747 1.353145 -1.325990 0.607832 -0.197392 -0.959911 -0.150037 0.292431 1.418489 -0.990050 0.201295 -0.463483
13 0.235480 1.136214 -1.610577 -0.561275 -1.012613 -1.111153 -0.966735 -0.304434 0.750799 0.806524 -0.818180 0.752301 -0.256995 0.737404 0.057142 0.804016 0.259564 -0.681005 0.717151 0.706422 -0.713351 -1.791970 0.656198 -0.352190 1.509207 0.851645 1.152279 0.724217 -2.577896 1.192657 1.261047 1.669440 -1.787098 1.035198 -0.243523 -0.282053 1.062588 1.486531 -0.936378 3.184182 -1.762860 -0.915943 0.937197 -1.531541 2.095679 0.310189 1.007016 1.921420 0.188449 0.397498
114 -0.186563 0.753775 -0.640924 0.916811 0.595898 0.377203 -0.900679 1.619527 -1.426963 -0.363109 0.304018 -0.184336 -0.153296 0.019876 0.223699 0.295293 -1.199472 -0.370205 0.708839 -0.504131 -1.314601 -0.462405 0.384760 -0.171609 -0.283240 0.893057 0.746578 0.849485 -0.356858 -0.388007 -1.541559 0.551215 0.544886 1.429449 0.723330 0.317410 -0.953848 0.213623 0.113190 1.376077 0.569607 1.131107 1.163286 -1.374395 -0.038332 0.441532 0.640782 1.164879 0.884931 0.729131
120 0.421658 0.982516 -0.164318 0.755045 0.186962 0.170452 -0.818316 -0.577393 -0.526689 -0.784664 1.587270 1.496149 -0.829891 -1.883662 -0.906076 -1.266126 1.118415 1.874020 1.104972 -0.395179 0.455275 0.319685 -1.046158 0.080237 1.352773 0.401037 -0.285060 0.581546 -1.742306 -0.485205 -2.862196 -0.995558 0.268446 1.008562 0.954491 1.859329 0.224554 0.866352 -0.987497 1.688455 0.751212 1.046591 0.885167 0.118960 1.575720 0.168158 -0.385790 0.156362 0.693357 -0.207324
5 0.201253 0.283594 1.025221 0.625996 0.472411 -0.084024 0.036216 -0.595128 -0.602207 -0.655523 -0.135799 0.600405 -0.740286 1.855943 0.665507 0.773894 -2.536585 1.619922 0.126627 -1.349023 -0.543139 -1.252688 -0.280561 0.785887 1.386692 2.055988 -1.975602 -0.671867 -0.694975 -0.213936 0.273377 -0.592782 0.482402 -1.770164 0.023075 1.134368 1.116916 2.285501 1.504642 1.669847 -0.308896 0.216546 1.506549 -1.422693 0.372000 1.288153 -0.653373 -0.089811 -1.161122 0.217085
3 -0.700073 1.815044 -1.111399 -0.873356 -0.150309 1.867920 -2.114272 1.566206 -0.558290 -0.825861 0.457330 1.384711 -0.706582 -0.104187 -0.070078 2.249180 -1.384295 0.625828 0.744502 -0.498832 -0.845662 0.983004 0.279331 -0.576862 0.510629 0.118086 -0.751755 -0.601419 -1.564145 -0.739971 -0.420191 1.019001 1.442061 1.837301 0.680588 1.154320 0.207086 1.116574 0.618618 1.270031 -0.120370 1.197958 1.234249 -0.707845 0.537764 -0.340348 0.777626 -0.923871 1.168431 -0.340737
124 0.564104 0.356611 -0.022025 1.051047 1.054146 0.595041 -0.640775 -0.707604 -1.524454 2.185450 -0.318401 0.151728 1.029699 -0.616303 -0.563762 0.321423 -1.923558 1.350713 1.449734 0.566498 -0.283731 1.572931 -0.017387 0.225620 2.364421 0.907416 1.223939 0.455121 1.415907 -0.468216 -1.673434 0.068209 -0.903325 1.203255 -0.771570 1.580144 1.126438 0.183871 0.409992 1.358045 -0.254267 0.821840 0.126076 1.153295 1.111357 0.533385 0.157993 0.907989 1.182462 0.677554
4 -0.763129 1.446134 0.198112 0.740466 1.498367 1.510880 0.119005 -1.494044 -0.558588 -0.225473 1.755536 0.623113 -0.083232 -0.937268 0.039112 1.611744 -0.614810 -0.811689 1.389706 -0.272224 -0.434220 -0.228508 -0.020005 -0.382297 0.197130 1.024472 -2.322468 -0.094229 -0.470227 2.372170 0.358759 -0.792554 -0.216455 0.484044 -0.510915 1.006696 0.165617 1.273988 1.100732 1.149365 -1.016883 0.200813 -1.373216 -0.552956 0.343796 0.356955 -0.304451 0.172749 -1.115589 1.577121
118 -0.419242 0.794273 -0.184227 1.256200 0.221081 0.893652 -1.373929 0.919127 -1.005213 0.140872 0.952863 0.186733 -0.077122 -0.524326 -0.192756 0.935078 -0.955288 0.007139 1.222254 -0.842060 -1.114399 0.128593 -0.133361 -0.283454 0.666325 0.843895 -0.577540 0.607689 -0.299186 -0.839074 -2.260161 0.348148 0.462953 0.532725 0.735707 0.941018 0.275676 -0.793161 -0.028696 1.526047 -0.140683 0.623509 0.166361 -0.549344 0.171980 0.491434 0.766374 -0.166259 0.029756 -0.543791
126 0.673303 -0.037794 -0.153371 -0.347379 0.451608 0.696003 -0.732094 0.277190 0.806001 -0.608551 0.648415 1.503663 -0.373177 0.102615 0.999793 0.994778 -0.902554 0.949567 0.195842 -0.165519 -2.024243 1.926157 -0.610377 1.468282 1.775145 0.481900 0.333498 -0.017802 -1.163735 0.276443 -0.560750 -1.398465 -1.507664 0.560454 -0.157530 -0.139189 2.607990 0.582607 1.167308 -0.050600 -0.980969 -0.592075 -0.327823 0.924376 -0.745188 1.532746 1.000980 0.135673 -0.817566 0.547554
123 -1.428366 1.633128 0.534748 1.201333 0.549643 0.924946 -1.023521 0.968142 -0.782850 -1.557726 1.092016 -0.663606 1.042691 0.110973 0.176019 1.271098 1.228975 1.081808 1.370447 0.857579 -0.943096 1.535686 0.500712 2.291959 3.147242 1.349150 0.310613 1.683671 -0.041619 -1.157583 -0.180709 0.167888 0.252424 0.893098 -0.771093 -1.704676 1.191321 1.515765 0.247787 1.716644 -0.144055 -0.163713 -0.713432 -1.280261 1.096550 0.712141 1.167719 1.007193 0.636152 -0.935795
122 -0.042864 1.216277 0.368740 1.570596 1.241597 0.271737 -2.164401 -0.650789 -0.264976 0.167137 0.000915 2.517860 2.047212 -0.969817 -0.814912 0.333589 0.471937 1.976650 0.441221 0.014292 -1.479852 0.931616 -0.293175 1.039908 0.603017 1.430165 0.834483 0.487790 0.807008 -0.470064 -0.287873 0.873185 -1.040034 0.776208 -0.302076 0.732515 -0.073424 -0.345031 0.686297 0.426775 1.907959 0.055241 0.964049 -0.544932 0.882169 2.156650 0.698366 1.108905 0.499114 0.938012
8 0.081274 1.039482 -2.125726 0.045960 -0.088840 0.694723 -0.880169 -0.436344 -0.028565 -0.837628 1.079899 -0.579699 0.136229 -0.015001 -0.721368 0.348146 -0.191343 -0.772571 0.313703 -0.140803 -1.407674 -0.013333 0.382968 -0.523415 1.278527 1.527812 -1.830310 -1.213975 0.181334 0.129296 0.165801 0.147143 0.629128 0.797436 0.524386 1.550094 0.935791 2.507192 1.244746 -0.370205 -1.738921 -1.304937 1.548907 -1.575646 0.017607 0.410324 -1.044346 -0.303894 0.708872 -0.632173
121 -0.524290 1.995603 0.900347 1.184367 0.757278 0.434082 -2.067388 0.040148 -1.361029 1.102516 0.888927 1.439957 0.446805 -0.822176 -0.555629 0.260568 -0.753855 -0.377764 -0.127562 -0.675845 -1.700191 0.764632 -0.448453 0.412849 2.013958 0.756980 0.083397 1.333118 0.044984 0.518489 -0.705227 1.142562 -0.269042 0.269895 1.057151 0.397294 0.477204 0.695758 -0.065050 2.389092 0.881825 0.125855 0.074809 0.117326 0.486776 0.751455 1.025094 0.339679 1.434979 -0.228723
6 -0.301905 0.090968 -1.837220 1.139412 0.564839 -0.456052 -1.116300 -1.292607 0.561309 -1.092059 1.875625 1.056056 -0.319035 -0.186461 1.213030 -0.141822 -0.145382 0.149424 1.089407 -0.337621 -1.216926 0.286223 0.141633 -0.572325 0.548237 1.707831 -1.100700 -0.725832 -0.838771 1.003710 -0.419854 0.479714 -0.082936 0.188969 0.699247 1.018009 0.899425 2.121794 1.971545 0.687859 -0.981865 -0.314017 -0.397917 -0.603748 -0.731029 0.366360 -0.176748 0.991270 -0.285231 0.287651
125 0.278890 1.452523 0.241763 0.448608 -0.005977 0.082846 0.010939 -0.193075 -0.746930 -0.662807 -0.596413 1.669022 0.206511 -1.621914 -1.116017 0.740453 -1.458757 0.341267 0.415603 0.052433 -1.780006 0.428094 -0.497264 0.697203 2.049202 0.356297 -0.315357 -0.232172 0.726305 -0.531304 0.464057 -0.501577 -0.397252 0.731043 0.106524 1.187435 1.649010 0.892883 -0.118833 0.442696 -0.200884 -0.469275 1.131165 -0.228089 0.041395 1.466243 1.431800 0.557616 -0.549017 0.522724
<unk> -0.048027 0.075129 -0.159917 0.074992 0.087819 0.035553 -0.093038 0.004838 -0.123573 -0.002517 0.034003 0.012794 0.139089 -0.052874 -0.003371 -0.075912 -0.086252 -0.065769 0.011076 -0.094649 -0.198491 0.002712 0.025606 0.088750 0.009734 0.036743 -0.048460 0.099255 -0.086465 -0.041566 -0.104699 0.069163 0.009258 0.164254 0.097516 -0.031493 0.108324 0.100233 0.048683 0.025731 -0.053737 -0.059716 0.021104 -0.011683 -0.054634 0.029956 0.049237 0.067179 0.119331 0.042075
