38 1916782
36 1878420
67 1756572
69 1715984
33 1547962
62 1511137
43 1510715
40 1457128
64 1400462
72 1382074
74 1346465
60 1304036
45 1281110
31 1270545
71 1200319
65 1145423
48 1140896
41 1131128
50 1092078
35 1074494
57 1069645
55 1050405
76 994876
66 887381
34 863958
59 849921
70 846121
52 824281
39 789806
28 787044
42 740635
29 732842
47 705569
53 703783
63 700457
46 700146
79 689169
37 683887
68 670706
58 641801
77 618005
73 609614
61 598705
32 596852
44 561208
81 517064
30 507793
54 501355
51 495997
75 487982
78 481679
56 445749
49 403796
26 319872
84 299220
83 277283
80 271805
TRACK_START 261103
27 243701
86 236995
82 224300
24 147119
85 138368
88 138091
89 102284
91 100784
25 94511
87 81746
96 76834
23 73474
93 73023
90 60957
1 57424
95 40346
92 39606
94 34534
98 28667
21 27718
22 22437
100 21475
99 20417
97 15507
103 13668
0 13478
101 13394
20 11702
108 11631
105 10487
104 9819
112 9795
19 9214
102 7419
11 6891
12 5590
127 5104
2 4552
17 4284
107 4150
117 4005
106 3736
14 3571
110 3463
109 3433
16 3343
15 2999
18 2704
111 2138
10 2020
115 1982
113 1904
9 1259
116 1041
7 938
119 848
13 750
114 684
120 501
5 379
3 341
124 337
4 224
118 192
126 139
123 121
122 114
8 113
121 63
6 53
125 32
